ts heap stack kmem
373058881 1622 384 323584
373063683 2822 384 323584
373067913 2822 336 323584
373072999 2822 272 323584
373074813 2822 224 323584
373076524 2832 224 323584
373083463 2832 224 323584
373084843 2842 224 323584
373110680 2832 224 323584
373112597 2822 224 323584
373117080 2822 272 323584
373118680 2822 224 323584
373120104 2832 224 323584
373122013 2832 224 323584
373123249 2842 224 323584
373129765 2832 224 323584
373130954 2822 224 323584
373132491 2822 368 323584
373141971 2822 368 327680
373144605 2822 368 331776
373147923 2822 1048256 331776
373149190 2822 1048288 331776
373219490 2822 1048288 335872
373221845 2822 2096880 335872
373223022 2822 2096912 335872
373286004 2822 2096912 339968
373287559 2822 2096912 344064
373289517 2822 3145504 344064
373290761 2822 3145536 344064
373352202 2822 3145536 348160
373354112 2822 4194128 348160
373355221 2822 4194160 348160
373416403 2822 4194160 352256
373418191 2822 4194160 356352
373420609 2822 5242752 356352
373421750 2822 5242784 356352
373482968 2822 5242784 360448
373484836 2822 6291376 360448
373485892 2822 6291408 360448
373546981 2822 6291408 364544
373549473 2822 6291408 368640
373551308 2822 7340000 368640
373552402 2822 7340032 368640
373613932 2822 7340032 372736
373615856 2822 8388624 372736
373616931 2822 8388656 372736
373678258 2822 8388656 376832
373680092 2822 8388656 380928
373681875 2822 9437248 380928
373682965 2822 9437280 380928
373744009 2822 9437280 385024
373745887 2822 10485872 385024
373746989 2822 10485904 385024
373808050 2822 10485904 389120
373809756 2822 10485904 393216
373811520 2822 11534496 393216
373812596 2822 11534528 393216
373876721 2822 11534528 397312
373878630 2822 12583120 397312
373879755 2822 12583152 397312
373941306 2822 12583152 401408
373942820 2822 12583152 405504
373944671 2822 13631744 405504
373945764 2822 13631776 405504
374006886 2822 13631776 409600
374012322 2822 14680368 409600
374013403 2822 14680400 409600
374074869 2822 14680400 413696
374076361 2822 14680400 417792
374078194 2822 15728992 417792
374079294 2822 15729024 417792
374140425 2822 15729024 421888
374142304 2822 16777616 421888
374143372 2822 16777648 421888
374204528 2822 16777648 425984
374206058 2822 16777648 430080
374207848 2822 17826240 430080
374208924 2822 17826272 430080
374269907 2822 17826272 434176
374271738 2822 18874864 434176
374272841 2822 18874896 434176
374334090 2822 18874896 438272
374335608 2822 18874896 442368
374337409 2822 19923488 442368
374338578 2822 19923520 442368
374400225 2822 19923520 446464
374402090 2822 20972112 446464
374403209 2822 20972144 446464
374464007 2822 20972144 450560
374465588 2822 20972144 454656
374467332 2822 22020736 454656
374468472 2822 22020768 454656
374529498 2822 22020768 458752
374531314 2822 23069360 458752
374532379 2822 23069392 458752
374597850 2822 23069392 462848
374599515 2822 23069392 466944
374601354 2822 24117984 466944
374602546 2822 24118016 466944
374663996 2822 24118016 471040
374665874 2822 25166608 471040
374666945 2822 25166640 471040
374727926 2822 25166640 475136
374729614 2822 25166640 479232
374731362 2822 26215232 479232
374732473 2822 26215264 479232
374793644 2822 26215264 483328
374795519 2822 27263856 483328
374796585 2822 27263888 483328
374858014 2822 27263888 487424
374859633 2822 27263888 491520
374861411 2822 28312480 491520
374862509 2822 28312512 491520
374901920 2822 28312512 495616
374906925 2822 29361104 495616
374908180 2822 29361136 495616
374970369 2822 29361136 499712
374972002 2822 29361136 503808
374973809 2822 30409728 503808
374974883 2822 30409760 503808
375035970 2822 30409760 507904
375037818 2822 31458352 507904
375038881 2822 31458384 507904
375100340 2822 31458384 512000
375101867 2822 31458384 516096
375103676 2822 32506976 516096
375104744 2822 32507008 516096
375165789 2822 32507008 520192
375167616 2822 33555600 520192
375168677 2822 33555632 520192
375229921 2822 33555632 524288
375231463 2822 33555632 528384
375233330 2822 34604224 528384
375236575 2822 34604224 532480
375238587 2822 34604256 532480
375299813 2822 34604256 536576
375301652 2822 35652848 536576
375305038 2822 35652848 540672
375306955 2822 35652880 540672
375367982 2822 35652880 544768
375369628 2822 35652880 548864
375371396 2822 36701472 548864
375374591 2822 36701472 552960
375376440 2822 36701504 552960
375437640 2822 36701504 557056
375439498 2822 37750096 557056
375442672 2822 37750096 561152
375444512 2822 37750128 561152
375505941 2822 37750128 565248
375507683 2822 37750128 569344
375509543 2822 38798720 569344
375512729 2822 38798720 573440
375517007 2822 38798752 573440
375578053 2822 38798752 577536
375579909 2822 39847344 577536
375582989 2822 39847344 581632
375584820 2822 39847376 581632
375645709 2822 39847376 585728
375647190 2822 39847376 589824
375648988 2822 40895968 589824
375652121 2822 40895968 593920
375653959 2822 40896000 593920
375715194 2822 40896000 598016
375717075 2822 41944592 598016
375720200 2822 41944592 602112
375722059 2822 41944624 602112
375783068 2822 41944624 606208
375784644 2822 41944624 610304
375786416 2822 42993216 610304
375789536 2822 42993216 614400
375791325 2822 42993248 614400
375852069 2822 42993248 618496
375854175 2822 44041840 618496
375857233 2822 44041840 622592
375859096 2822 44041872 622592
375920747 2822 44041872 626688
375922267 2822 44041872 630784
375924101 2822 45090464 630784
375927392 2822 45090464 634880
375929158 2822 45090496 634880
375990330 2822 45090496 638976
375992197 2822 46139088 638976
375995274 2822 46139088 643072
375999715 2822 46139120 643072
376060874 2822 46139120 647168
376062584 2822 46139120 651264
376064339 2822 47187712 651264
376066966 2822 47187712 655360
376069209 2822 47187744 655360
376130055 2822 47187744 659456
376131952 2822 48236336 659456
376134657 2822 48236336 663552
376136995 2822 48236368 663552
376197754 2822 48236368 667648
376199540 2822 48236368 671744
376201382 2822 49284960 671744
376204046 2822 49284960 675840
376206430 2822 49284992 675840
376267678 2822 49284992 679936
376269569 2822 50333584 679936
376272272 2822 50333584 684032
376274572 2822 50333616 684032
376335450 2822 50333616 688128
376336950 2822 50333616 692224
376338772 2822 51382208 692224
376341367 2822 51382208 696320
376343737 2822 51382240 696320
376404742 2822 51382240 700416
376406620 2822 52430832 700416
376409321 2822 52430832 704512
376411669 2822 52430864 704512
376472543 2822 52430864 708608
376474085 2822 52430864 712704
376475845 2822 53479456 712704
376478485 2822 53479456 716800
376483435 2822 53479488 716800
376544584 2822 53479488 720896
376546483 2822 54528080 720896
376549078 2822 54528080 724992
376551393 2822 54528112 724992
376612948 2822 54528112 729088
376614739 2822 54528112 733184
376616544 2822 55576704 733184
376619176 2822 55576704 737280
376621566 2822 55576736 737280
376682474 2822 55576736 741376
376684290 2822 56625328 741376
376686874 2822 56625328 745472
376689231 2822 56625360 745472
376750398 2822 56625360 749568
376752283 2822 56625360 753664
376754126 2822 57673952 753664
376756880 2822 57673952 757760
376759344 2822 57673984 757760
376820612 2822 57673984 761856
376822432 2822 58722576 761856
376825091 2822 58722576 765952
376827617 2822 58722608 765952
376893249 2822 58722608 770048
376895639 2822 58722608 774144
376898372 2822 59771200 774144
376902080 2822 59771200 778240
376905687 2822 59771232 778240
376968251 2822 59771232 782336
376972626 2822 59771232 786432
376976871 2822 60819824 786432
376978394 2822 60819856 786432
377039811 2822 60819856 790528
377041353 2822 60819856 794624
377045402 2822 60819856 798720
377046984 2822 61868448 798720
377048130 2822 61868480 798720
377109424 2822 61868480 802816
377113521 2822 61868480 806912
377115220 2822 62917072 806912
377120862 2822 62917104 806912
377156496 2822 62917104 811008
377232520 2822 62917104 815104
377234502 2822 62917104 819200
377238745 2822 62917104 823296
377240378 2822 63965696 823296
377241732 2822 63965728 823296
377302838 2822 63965728 827392
377306768 2822 63965728 831488
377308492 2822 65014320 831488
377309654 2822 65014352 831488
377370926 2822 65014352 835584
377372415 2822 65014352 839680
377376974 2822 65014352 843776
377378788 2822 66062944 843776
377380189 2822 66062976 843776
377441285 2822 66062976 847872
377445510 2822 66062976 851968
377447101 2822 67111568 851968
377448190 2822 67111600 851968
377559499 2822 67111600 856064
377564134 2822 67111600 860160
377573244 2822 67111600 864256
377576816 2822 68160192 864256
377582389 2822 68160224 864256
377651702 2822 68160224 868352
377656273 2822 68160224 872448
377658072 2822 69208816 872448
377659386 2822 69208848 872448
377721272 2822 69208848 876544
377722973 2822 69208848 880640
377727279 2822 69208848 884736
377729094 2822 70257440 884736
377730263 2822 70257472 884736
377791381 2822 70257472 888832
377795744 2822 70257472 892928
377797478 2822 71306064 892928
377798603 2822 71306096 892928
377860011 2822 71306096 897024
377861570 2822 71306096 901120
377914104 2822 71306096 905216
377916687 2822 72354688 905216
377918540 2822 72354720 905216
377980545 2822 72354720 909312
377985220 2822 72354720 913408
377986948 2822 73403312 913408
377988203 2822 73403344 913408
378049752 2822 73403344 917504
378051218 2822 73403344 921600
378055308 2822 73403344 925696
378060859 2822 74451936 925696
378062070 2822 74451968 925696
378123321 2822 74451968 929792
378127619 2822 74451968 933888
378129310 2822 75500560 933888
378130408 2822 75500592 933888
378191821 2822 75500592 937984
378193328 2822 75500592 942080
378197321 2822 75500592 946176
378199233 2822 76549184 946176
378200381 2822 76549216 946176
378261173 2822 76549216 950272
378265526 2822 76549216 954368
378267200 2822 77597808 954368
378268339 2822 77597840 954368
378329527 2822 77597840 958464
378331032 2822 77597840 962560
378335189 2822 77597840 966656
378336879 2822 78646432 966656
378338013 2822 78646464 966656
378398785 2822 78646464 970752
378403045 2822 78646464 974848
378404743 2822 79695056 974848
378405858 2822 79695088 974848
378466970 2822 79695088 978944
378468632 2822 79695088 983040
378473021 2822 79695088 987136
378474698 2822 80743680 987136
378475813 2822 80743712 987136
378536553 2822 80743712 991232
378540486 2822 80743712 995328
378544969 2822 81792304 995328
378546093 2822 81792336 995328
378608020 2822 81792336 999424
378609738 2822 81792336 1003520
378613728 2822 81792336 1007616
378615503 2822 82840928 1007616
378616593 2822 82840960 1007616
378677686 2822 82840960 1011712
378679485 2822 83889552 1011712
378680596 2822 83889584 1011712
378741518 2822 83889584 1015808
378743111 2822 83889584 1019904
378744903 2822 84938176 1019904
378745996 2822 84938208 1019904
378806650 2822 84938208 1024000
378808424 2822 85986800 1024000
378809493 2822 85986832 1024000
378876919 2822 85986832 1028096
378878727 2822 85986832 1032192
378880575 2822 87035424 1032192
378881710 2822 87035456 1032192
378942876 2822 87035456 1036288
378944777 2822 88084048 1036288
378945859 2822 88084080 1036288
379007177 2822 88084080 1040384
379009214 2822 88084080 1044480
379010974 2822 89132672 1044480
379012109 2822 89132704 1044480
379073015 2822 89132704 1048576
379074903 2822 90181296 1048576
379075944 2822 90181328 1048576
379136906 2822 90181328 1052672
379138800 2822 90181328 1056768
379140597 2822 91229920 1056768
379141652 2822 91229952 1056768
379202912 2822 91229952 1060864
379204799 2822 92278544 1060864
379205881 2822 92278576 1060864
379266794 2822 92278576 1064960
379268440 2822 92278576 1069056
379270252 2822 93327168 1069056
379271321 2822 93327200 1069056
379332024 2822 93327200 1073152
379334086 2822 94375792 1073152
379335160 2822 94375824 1073152
379396089 2822 94375824 1077248
379398469 2822 94375824 1081344
379402918 2822 95424416 1081344
379404085 2822 95424448 1081344
379464904 2822 95424448 1085440
379466695 2822 96473040 1085440
379467791 2822 96473072 1085440
379528735 2822 96473072 1089536
379530373 2822 96473072 1093632
379532181 2822 97521664 1093632
379533253 2822 97521696 1093632
379594034 2822 97521696 1097728
379595935 2822 98570288 1097728
379596985 2822 98570320 1097728
379658109 2822 98570320 1101824
379660138 2822 98570320 1105920
379661956 2822 99618912 1105920
379663025 2822 99618944 1105920
379724040 2822 99618944 1110016
379725845 2822 100667536 1110016
379726899 2822 100667568 1110016
379787780 2822 100667568 1114112
379789227 2822 100667568 1118208
379791048 2822 101716160 1118208
379792114 2822 101716192 1118208
379852822 2822 101716192 1122304
379854673 2822 102764784 1122304
379855756 2822 102764816 1122304
379918316 2822 102764816 1126400
379920005 2822 102764816 1130496
379921809 2822 103813408 1130496
379922982 2822 103813440 1130496
379983703 2822 103813440 1134592
379985613 2822 104862032 1134592
379986664 2822 104862064 1134592
380047666 2822 104862064 1138688
380049198 2822 104862064 1142784
380050953 2822 105910656 1142784
380053023 2822 105910688 1142784
380080677 2822 105910688 1146880
380157378 2822 105910688 1150976
380159705 2822 106959280 1150976
380160997 2822 106959312 1150976
380222169 2822 106959312 1155072
380223730 2822 106959312 1159168
380225626 2822 108007904 1159168
380226789 2822 108007936 1159168
380287909 2822 108007936 1163264
380289903 2822 109056528 1163264
380291245 2822 109056560 1163264
380352149 2822 109056560 1167360
380353628 2822 109056560 1171456
380358496 2822 110105152 1171456
380359644 2822 110105184 1171456
380420810 2822 110105184 1175552
380422601 2822 111153776 1175552
380423657 2822 111153808 1175552
380484351 2822 111153808 1179648
380485845 2822 111153808 1183744
380487606 2822 112202400 1183744
380488698 2822 112202432 1183744
380549557 2822 112202432 1187840
380551446 2822 113251024 1187840
380552511 2822 113251056 1187840
380613267 2822 113251056 1191936
380614939 2822 113251056 1196032
380616780 2822 114299648 1196032
380617886 2822 114299680 1196032
380678923 2822 114299680 1200128
380680681 2822 115348272 1200128
380681760 2822 115348304 1200128
380742543 2822 115348304 1204224
380744195 2822 115348304 1208320
380745972 2822 116396896 1208320
380747106 2822 116396928 1208320
380808054 2822 116396928 1212416
380809894 2822 117445520 1212416
380810973 2822 117445552 1212416
380873721 2822 117445552 1216512
380875221 2822 117445552 1220608
380877037 2822 118494144 1220608
380878170 2822 118494176 1220608
380939430 2822 118494176 1224704
380941288 2822 119542768 1224704
380942380 2822 119542800 1224704
381003076 2822 119542800 1228800
381004571 2822 119542800 1232896
381006410 2822 120591392 1232896
381007538 2822 120591424 1232896
381068461 2822 120591424 1236992
381070359 2822 121640016 1236992
381071471 2822 121640048 1236992
381132328 2822 121640048 1241088
381133820 2822 121640048 1245184
381135584 2822 122688640 1245184
381136700 2822 122688672 1245184
381197533 2822 122688672 1249280
381199408 2822 123737264 1249280
381200491 2822 123737296 1249280
381203556 2822 123737296 1253376
381268302 2822 123737296 1257472
381269815 2822 123737296 1261568
381271640 2822 124785888 1261568
381274723 2822 124785888 1265664
381276633 2822 124785920 1265664
381337590 2822 124785920 1269760
381339432 2822 125834512 1269760
381342591 2822 125834512 1273856
381344515 2822 125834544 1273856
381405465 2822 125834544 1277952
381406842 2822 125834544 1282048
381408638 2822 126883136 1282048
381411790 2822 126883136 1286144
381413890 2822 126883168 1286144
381474505 2822 126883168 1290240
381476285 2822 127931760 1290240
381479339 2822 127931760 1294336
381481413 2822 127931792 1294336
381542282 2822 127931792 1298432
381544047 2822 127931792 1302528
381546203 2822 128980384 1302528
381549421 2822 128980384 1306624
381551431 2822 128980416 1306624
381612164 2822 128980416 1310720
381614029 2822 130029008 1310720
381617063 2822 130029008 1314816
381619041 2822 130029040 1314816
381680033 2822 130029040 1318912
381681547 2822 130029040 1323008
381683408 2822 131077632 1323008
381686363 2822 131077632 1327104
381690964 2822 131077664 1327104
381751785 2822 131077664 1331200
381753610 2822 132126256 1331200
381756755 2822 132126256 1335296
381758620 2822 132126288 1335296
381819693 2822 132126288 1339392
381821229 2822 132126288 1343488
381823098 2822 133174880 1343488
381826104 2822 133174880 1347584
381828009 2822 133174912 1347584
381890844 2822 133174912 1351680
381892868 2822 134223504 1351680
381896090 2822 134223504 1355776
381898119 2822 134223536 1355776
381959274 2822 134223536 1359872
381960900 2822 134223536 1363968
381962743 2822 135272128 1363968
381966083 2822 135272128 1368064
381968066 2822 135272160 1368064
382028820 2822 135272160 1372160
382030732 2822 136320752 1372160
382033725 2822 136320752 1376256
382036274 2822 136320784 1376256
382097340 2822 136320784 1380352
382098991 2822 136320784 1384448
382100797 2822 137369376 1384448
382103616 2822 137369376 1388544
382106004 2822 137369408 1388544
382166672 2822 137369408 1392640
382168535 2822 138418000 1392640
382175045 2822 138418000 1396736
382179981 2822 138418032 1396736
382241296 2822 138418032 1400832
382242836 2822 138418032 1404928
382244785 2822 139466624 1404928
382247289 2822 139466624 1409024
382249789 2822 139466656 1409024
382310345 2822 139466656 1413120
382312163 2822 140515248 1413120
382314627 2822 140515248 1417216
382317003 2822 140515280 1417216
382377895 2822 140515280 1421312
382379479 2822 140515280 1425408
382381294 2822 141563872 1425408
382383780 2822 141563872 1429504
382386638 2822 141563904 1429504
382447376 2822 141563904 1433600
382449592 2822 142612496 1433600
382451967 2822 142612496 1437696
382454394 2822 142612528 1437696
382515313 2822 142612528 1441792
382516709 2822 142612528 1445888
382518452 2822 143661120 1445888
382520977 2822 143661120 1449984
382523357 2822 143661152 1449984
382584036 2822 143661152 1454080
382585841 2822 144709744 1454080
382588319 2822 144709744 1458176
382590677 2822 144709776 1458176
382651548 2822 144709776 1462272
382653040 2822 144709776 1466368
382654774 2822 145758368 1466368
382657314 2822 145758368 1470464
382662142 2822 145758400 1470464
382722968 2822 145758400 1474560
382724766 2822 146806992 1474560
382727225 2822 146806992 1478656
382729807 2822 146807024 1478656
382790682 2822 146807024 1482752
382792276 2822 146807024 1486848
382794101 2822 147855616 1486848
382796584 2822 147855616 1490944
382799068 2822 147855648 1490944
382859723 2822 147855648 1495040
382861579 2822 148904240 1495040
382863978 2822 148904240 1499136
382891409 2822 148904272 1499136
382957253 2822 148904272 1503232
382958781 2822 148904272 1507328
382962832 2822 148904272 1511424
382964336 2822 149952864 1511424
382965531 2822 149952896 1511424
383026390 2822 149952896 1515520
383030289 2822 149952896 1519616
383031923 2822 151001488 1519616
383033045 2822 151001520 1519616
383094022 2822 151001520 1523712
383095414 2822 151001520 1527808
383099309 2822 151001520 1531904
383100965 2822 152050112 1531904
383102022 2822 152050144 1531904
383162501 2822 152050144 1536000
383166501 2822 152050144 1540096
383170619 2822 153098736 1540096
383171737 2822 153098768 1540096
383233011 2822 153098768 1544192
383234474 2822 153098768 1548288
383238327 2822 153098768 1552384
383239979 2822 154147360 1552384
383241236 2822 154147392 1552384
383305140 2822 154147392 1556480
383309140 2822 154147392 1560576
383310812 2822 155195984 1560576
383311885 2822 155196016 1560576
383373083 2822 155196016 1564672
383374699 2822 155196016 1568768
383378568 2822 155196016 1572864
383380181 2822 156244608 1572864
383381301 2822 156244640 1572864
383442109 2822 156244640 1576960
383446077 2822 156244640 1581056
383447878 2822 157293232 1581056
383448992 2822 157293264 1581056
383507396 2822 157293264 1581056
383565777 2822 156244640 1581056
383623850 2822 155196016 1581056
383681856 2822 154147392 1581056
383739890 2822 153098768 1581056
383797897 2822 152050144 1581056
383855944 2822 151001520 1581056
383915327 2822 149952896 1581056
383973346 2822 148904272 1581056
384031429 2822 147855648 1581056
384089511 2822 146807024 1581056
384147693 2822 145758400 1581056
384205755 2822 144709776 1581056
384263759 2822 143661152 1581056
384321815 2822 142612528 1581056
384379766 2822 141563904 1581056
384437821 2822 140515280 1581056
384495872 2822 139466656 1581056
384553894 2822 138418032 1581056
384611881 2822 137369408 1581056
384670069 2822 136320784 1581056
384728114 2822 135272160 1581056
384786143 2822 134223536 1581056
384844177 2822 133174912 1581056
384903427 2822 132126288 1581056
384961534 2822 131077664 1581056
385019518 2822 130029040 1581056
385077493 2822 128980416 1581056
385135542 2822 127931792 1581056
385193573 2822 126883168 1581056
385251724 2822 125834544 1581056
385309732 2822 124785920 1581056
385367731 2822 123737296 1581056
385425737 2822 122688672 1581056
385483746 2822 121640048 1581056
385542045 2822 120591424 1581056
385600039 2822 119542800 1581056
385658059 2822 118494176 1581056
385716026 2822 117445552 1581056
385774584 2822 116396928 1581056
385847784 2822 115348304 1581056
385906685 2822 114299680 1581056
385964433 2822 113251056 1581056
386022231 2822 112202432 1581056
386080022 2822 111153808 1581056
386137854 2822 110105184 1581056
386195432 2822 109056560 1581056
386257914 2822 108007936 1581056
386316536 2822 106959312 1581056
386374729 2822 105910688 1581056
386432822 2822 104862064 1581056
386490833 2822 103813440 1581056
386548832 2822 102764816 1581056
386606884 2822 101716192 1581056
386664978 2822 100667568 1581056
386722999 2822 99618944 1581056
386781046 2822 98570320 1581056
386839127 2822 97521696 1581056
386899275 2822 96473072 1581056
386957406 2822 95424448 1581056
387015439 2822 94375824 1581056
387073471 2822 93327200 1581056
387131529 2822 92278576 1581056
387189670 2822 91229952 1581056
387247695 2822 90181328 1581056
387305734 2822 89132704 1581056
387363775 2822 88084080 1581056
387421932 2822 87035456 1581056
387479988 2822 85986832 1581056
387538121 2822 84938208 1581056
387596216 2822 83889584 1581056
387654290 2822 82840960 1581056
387712369 2822 81792336 1581056
387770492 2822 80743712 1581056
387828617 2822 79695088 1581056
387887526 2822 78646464 1581056
387945491 2822 77597840 1581056
388007958 2822 76549216 1581056
388066792 2822 75500592 1581056
388125451 2822 74451968 1581056
388183843 2822 73403344 1581056
388242331 2822 72354720 1581056
388300889 2822 71306096 1581056
388359315 2822 70257472 1581056
388417680 2822 69208848 1581056
388476079 2822 68160224 1581056
388534703 2822 67111600 1581056
388593277 2822 66062976 1581056
388652052 2822 65014352 1581056
388710843 2822 63965728 1581056
388769547 2822 62917104 1581056
388828080 2822 61868480 1581056
388888273 2822 60819856 1581056
388946966 2822 59771232 1581056
389005860 2822 58722608 1581056
389064720 2822 57673984 1581056
389123697 2822 56625360 1581056
389182654 2822 55576736 1581056
389241403 2822 54528112 1581056
389300227 2822 53479488 1581056
389358866 2822 52430864 1581056
389417735 2822 51382240 1581056
389476331 2822 50333616 1581056
389535202 2822 49284992 1581056
389593805 2822 48236368 1581056
389652476 2822 47187744 1581056
389711125 2822 46139120 1581056
389769869 2822 45090496 1581056
389828741 2822 44041872 1581056
389888795 2822 42993248 1581056
389947523 2822 41944624 1581056
390006256 2822 40896000 1581056
390064969 2822 39847376 1581056
390123824 2822 38798752 1581056
390182862 2822 37750128 1581056
390241400 2822 36701504 1581056
390300125 2822 35652880 1581056
390358919 2822 34604256 1581056
390417720 2822 33555632 1581056
390476421 2822 32507008 1581056
390535235 2822 31458384 1581056
390593906 2822 30409760 1581056
390652555 2822 29361136 1581056
390711204 2822 28312512 1581056
390769853 2822 27263888 1581056
390828452 2822 26215264 1581056
390888127 2822 25166640 1581056
390946811 2822 24118016 1581056
391005728 2822 23069392 1581056
391064688 2822 22020768 1581056
391123268 2822 20972144 1581056
391182185 2822 19923520 1581056
391240928 2822 18874896 1581056
391299751 2822 17826272 1581056
391358432 2822 16777648 1581056
391416996 2822 15729024 1581056
391475722 2822 14680400 1581056
391534569 2822 13631776 1581056
391593253 2822 12583152 1581056
391651885 2822 11534528 1581056
391710681 2822 10485904 1581056
391769587 2822 9437280 1581056
391828176 2822 8388656 1581056
391887901 2822 7340032 1581056
391946627 2822 6291408 1581056
392005601 2822 5242784 1581056
392064408 2822 4194160 1581056
392123014 2822 3145536 1581056
392181621 2822 2096912 1581056
392240450 2822 1048288 1581056
392299405 2822 368 1581056
392300672 2822 1048256 1581056
392301611 2822 1048288 1581056
392360193 2822 2096880 1581056
392361203 2822 2096912 1581056
392419767 2822 3145504 1581056
392420810 2822 3145536 1581056
392479165 2822 4194128 1581056
392480160 2822 4194160 1581056
392538760 2822 5242752 1581056
392539785 2822 5242784 1581056
392598085 2822 6291376 1581056
392599088 2822 6291408 1581056
392657425 2822 7340000 1581056
392658570 2822 7340032 1581056
392716932 2822 8388624 1581056
392717920 2822 8388656 1581056
392776258 2822 9437248 1581056
392777240 2822 9437280 1581056
392835725 2822 10485872 1581056
392836723 2822 10485904 1581056
392895947 2822 11534496 1581056
392896937 2822 11534528 1581056
392955376 2822 12583120 1581056
392956515 2822 12583152 1581056
393014831 2822 13631744 1581056
393015821 2822 13631776 1581056
393074514 2822 14680368 1581056
393091281 2822 14680400 1581056
393150322 2822 15728992 1581056
393151587 2822 15729024 1581056
393210008 2822 16777616 1581056
393211010 2822 16777648 1581056
393269740 2822 17826240 1581056
393270826 2822 17826272 1581056
393329254 2822 18874864 1581056
393330265 2822 18874896 1581056
393388611 2822 19923488 1581056
393389632 2822 19923520 1581056
393448044 2822 20972112 1581056
393449048 2822 20972144 1581056
393507526 2822 22020736 1581056
393508555 2822 22020768 1581056
393566957 2822 23069360 1581056
393568000 2822 23069392 1581056
393626338 2822 24117984 1581056
393627334 2822 24118016 1581056
393685656 2822 25166608 1581056
393686647 2822 25166640 1581056
393745021 2822 26215232 1581056
393746021 2822 26215264 1581056
393804521 2822 27263856 1581056
393805521 2822 27263888 1581056
393863895 2822 28312480 1581056
393864898 2822 28312512 1581056
393945627 2822 29361104 1581056
393946722 2822 29361136 1581056
394005065 2822 30409728 1581056
394006085 2822 30409760 1581056
394064541 2822 31458352 1581056
394065573 2822 31458384 1581056
394123934 2822 32506976 1581056
394124946 2822 32507008 1581056
394183284 2822 33555600 1581056
394184318 2822 33555632 1581056
394242653 2822 34604224 1581056
394243771 2822 34604256 1581056
394302103 2822 35652848 1581056
394303133 2822 35652880 1581056
394361549 2822 36701472 1581056
394362573 2822 36701504 1581056
394420962 2822 37750096 1581056
394421965 2822 37750128 1581056
394480280 2822 38798720 1581056
394481290 2822 38798752 1581056
394539655 2822 39847344 1581056
394540674 2822 39847376 1581056
394599078 2822 40895968 1581056
394600105 2822 40896000 1581056
394658713 2822 41944592 1581056
394659881 2822 41944624 1581056
394718231 2822 42993216 1581056
394719244 2822 42993248 1581056
394777603 2822 44041840 1581056
394778618 2822 44041872 1581056
394836943 2822 45090464 1581056
394837968 2822 45090496 1581056
394897253 2822 46139088 1581056
394898313 2822 46139120 1581056
394956717 2822 47187712 1581056
394957729 2822 47187744 1581056
395016108 2822 48236336 1581056
395017121 2822 48236368 1581056
395075458 2822 49284960 1581056
395076483 2822 49284992 1581056
395134858 2822 50333584 1581056
395135881 2822 50333616 1581056
395194339 2822 51382208 1581056
395195380 2822 51382240 1581056
395253689 2822 52430832 1581056
395254691 2822 52430864 1581056
395313081 2822 53479456 1581056
395314088 2822 53479488 1581056
395372413 2822 54528080 1581056
395373430 2822 54528112 1581056
395431779 2822 55576704 1581056
395432805 2822 55576736 1581056
395491252 2822 56625328 1581056
395492428 2822 56625360 1581056
395550787 2822 57673952 1581056
395551817 2822 57673984 1581056
395610268 2822 58722576 1581056
395611312 2822 58722608 1581056
395669805 2822 59771200 1581056
395670818 2822 59771232 1581056
395729296 2822 60819824 1581056
395730296 2822 60819856 1581056
395788685 2822 61868448 1581056
395789707 2822 61868480 1581056
395848100 2822 62917072 1581056
395849109 2822 62917104 1581056
395908308 2822 63965696 1581056
395909397 2822 63965728 1581056
395967747 2822 65014320 1581056
395968749 2822 65014352 1581056
396027190 2822 66062944 1581056
396028237 2822 66062976 1581056
396086569 2822 67111568 1581056
396087579 2822 67111600 1581056
396145893 2822 68160192 1581056
396146890 2822 68160224 1581056
396205245 2822 69208816 1581056
396206257 2822 69208848 1581056
396264680 2822 70257440 1581056
396265692 2822 70257472 1581056
396324125 2822 71306064 1581056
396325136 2822 71306096 1581056
396383450 2822 72354688 1581056
396384463 2822 72354720 1581056
396442815 2822 73403312 1581056
396443816 2822 73403344 1581056
396502160 2822 74451936 1581056
396503176 2822 74451968 1581056
396561563 2822 75500560 1581056
396562552 2822 75500592 1581056
396620985 2822 76549184 1581056
396621995 2822 76549216 1581056
396680391 2822 77597808 1581056
396681400 2822 77597840 1581056
396739739 2822 78646432 1581056
396740752 2822 78646464 1581056
396799246 2822 79695056 1581056
396800248 2822 79695088 1581056
396858689 2822 80743680 1581056
396859696 2822 80743712 1581056
396918987 2822 81792304 1581056
396920004 2822 81792336 1581056
396978320 2822 82840928 1581056
396979343 2822 82840960 1581056
397037694 2822 83889552 1581056
397038954 2822 83889584 1581056
397097599 2822 84938176 1581056
397098645 2822 84938208 1581056
397157049 2822 85986800 1581056
397158092 2822 85986832 1581056
397216935 2822 87035424 1581056
397230219 2822 87035456 1581056
397288983 2822 88084048 1581056
397290006 2822 88084080 1581056
397348732 2822 89132672 1581056
397349828 2822 89132704 1581056
397408285 2822 90181296 1581056
397409433 2822 90181328 1581056
397467757 2822 91229920 1581056
397468748 2822 91229952 1581056
397527015 2822 92278544 1581056
397528012 2822 92278576 1581056
397586332 2822 93327168 1581056
397587331 2822 93327200 1581056
397645622 2822 94375792 1581056
397646634 2822 94375824 1581056
397705025 2822 95424416 1581056
397706044 2822 95424448 1581056
397764394 2822 96473040 1581056
397765388 2822 96473072 1581056
397823675 2822 97521664 1581056
397824667 2822 97521696 1581056
397884226 2822 98570288 1581056
397885219 2822 98570320 1581056
397944017 2822 99618912 1581056
397945017 2822 99618944 1581056
398003350 2822 100667536 1581056
398004377 2822 100667568 1581056
398062724 2822 101716160 1581056
398063724 2822 101716192 1581056
398122059 2822 102764784 1581056
398123059 2822 102764816 1581056
398181371 2822 103813408 1581056
398182372 2822 103813440 1581056
398240698 2822 104862032 1581056
398241698 2822 104862064 1581056
398300013 2822 105910656 1581056
398301036 2822 105910688 1581056
398359290 2822 106959280 1581056
398360295 2822 106959312 1581056
398418608 2822 108007904 1581056
398419613 2822 108007936 1581056
398478125 2822 109056528 1581056
398479125 2822 109056560 1581056
398537459 2822 110105152 1581056
398538459 2822 110105184 1581056
398596862 2822 111153776 1581056
398597867 2822 111153808 1581056
398656176 2822 112202400 1581056
398657185 2822 112202432 1581056
398715467 2822 113251024 1581056
398716467 2822 113251056 1581056
398774817 2822 114299648 1581056
398775832 2822 114299680 1581056
398834128 2822 115348272 1581056
398835115 2822 115348304 1581056
398894257 2822 116396896 1581056
398895239 2822 116396928 1581056
398953614 2822 117445520 1581056
398954607 2822 117445552 1581056
399013006 2822 118494144 1581056
399013995 2822 118494176 1581056
399072390 2822 119542768 1581056
399073380 2822 119542800 1581056
399131671 2822 120591392 1581056
399132671 2822 120591424 1581056
399191097 2822 121640016 1581056
399192089 2822 121640048 1581056
399250488 2822 122688640 1581056
399251478 2822 122688672 1581056
399309943 2822 123737264 1581056
399310926 2822 123737296 1581056
399369247 2822 124785888 1581056
399370242 2822 124785920 1581056
399428720 2822 125834512 1581056
399429727 2822 125834544 1581056
399488150 2822 126883136 1581056
399489167 2822 126883168 1581056
399547499 2822 127931760 1581056
399548499 2822 127931792 1581056
399606929 2822 128980384 1581056
399607928 2822 128980416 1581056
399666268 2822 130029008 1581056
399667259 2822 130029040 1581056
399725628 2822 131077632 1581056
399726623 2822 131077664 1581056
399785098 2822 132126256 1581056
399786091 2822 132126288 1581056
399844446 2822 133174880 1581056
399845439 2822 133174912 1581056
399904615 2822 134223504 1581056
399905623 2822 134223536 1581056
399964083 2822 135272128 1581056
399965116 2822 135272160 1581056
400023435 2822 136320752 1581056
400024411 2822 136320784 1581056
400082798 2822 137369376 1581056
400083794 2822 137369408 1581056
400142294 2822 138418000 1581056
400143285 2822 138418032 1581056
400201618 2822 139466624 1581056
400202654 2822 139466656 1581056
400261003 2822 140515248 1581056
400262159 2822 140515280 1581056
400320491 2822 141563872 1581056
400321473 2822 141563904 1581056
400379768 2822 142612496 1581056
400380782 2822 142612528 1581056
400439161 2822 143661120 1581056
400440159 2822 143661152 1581056
400498471 2822 144709744 1581056
400499465 2822 144709776 1581056
400557807 2822 145758368 1581056
400558840 2822 145758400 1581056
400617199 2822 146806992 1581056
400618270 2822 146807024 1581056
400676779 2822 147855616 1581056
400677769 2822 147855648 1581056
400736129 2822 148904240 1581056
400737121 2822 148904272 1581056
400795611 2822 149952864 1581056
400796614 2822 149952896 1581056
400854878 2822 151001488 1581056
400855888 2822 151001520 1581056
400914961 2822 152050112 1581056
400915943 2822 152050144 1581056
400974432 2822 153098736 1581056
400975477 2822 153098768 1581056
401033869 2822 154147360 1581056
401034889 2822 154147392 1581056
401093215 2822 155195984 1581056
401094244 2822 155196016 1581056
401152597 2822 156244608 1581056
401153631 2822 156244640 1581056
401212111 2822 157293232 1581056
401213097 2822 157293264 1581056
401271625 2822 157293264 1581056
401330058 2822 156244640 1581056
401388825 2822 155196016 1581056
401460979 2822 154147392 1581056
401519669 2822 153098768 1581056
401578245 2822 152050144 1581056
401636918 2822 151001520 1581056
401695562 2822 149952896 1581056
401754120 2822 148904272 1581056
401812627 2822 147855648 1581056
401873016 2822 146807024 1581056
401931582 2822 145758400 1581056
401992748 2822 144709776 1581056
402056573 2822 143661152 1581056
402116599 2822 142612528 1581056
402175145 2822 141563904 1581056
402233630 2822 140515280 1581056
402292127 2822 139466656 1581056
402350756 2822 138418032 1581056
402409219 2822 137369408 1581056
402467652 2822 136320784 1581056
402526085 2822 135272160 1581056
402584504 2822 134223536 1581056
402642941 2822 133174912 1581056
402701525 2822 132126288 1581056
402760092 2822 131077664 1581056
402818596 2822 130029040 1581056
402878591 2822 128980416 1581056
402937178 2822 127931792 1581056
402995665 2822 126883168 1581056
403054253 2822 125834544 1581056
403112848 2822 124785920 1581056
403171409 2822 123737296 1581056
403230168 2822 122688672 1581056
403288815 2822 121640048 1581056
403347282 2822 120591424 1581056
403405887 2822 119542800 1581056
403464416 2822 118494176 1581056
403522856 2822 117445552 1581056
403581279 2822 116396928 1581056
403639874 2822 115348304 1581056
403698273 2822 114299680 1581056
403756755 2822 113251056 1581056
403815196 2822 112202432 1581056
403874902 2822 111153808 1581056
403933619 2822 110105184 1581056
403992135 2822 109056560 1581056
404050595 2822 108007936 1581056
404109036 2822 106959312 1581056
404167450 2822 105910688 1581056
404225967 2822 104862064 1581056
404284383 2822 103813440 1581056
404342833 2822 102764816 1581056
404401567 2822 101716192 1581056
404460007 2822 100667568 1581056
404518705 2822 99618944 1581056
404577289 2822 98570320 1581056
404635727 2822 97521696 1581056
404694196 2822 96473072 1581056
404752766 2822 95424448 1581056
404811320 2822 94375824 1581056
404871634 2822 93327200 1581056
404930243 2822 92278576 1581056
404988867 2822 91229952 1581056
405047310 2822 90181328 1581056
405105767 2822 89132704 1581056
405164152 2822 88084080 1581056
405222582 2822 87035456 1581056
405280989 2822 85986832 1581056
405339439 2822 84938208 1581056
405397883 2822 83889584 1581056
405456543 2822 82840960 1581056
405515094 2822 81792336 1581056
405573520 2822 80743712 1581056
405632113 2822 79695088 1581056
405690685 2822 78646464 1581056
405749111 2822 77597840 1581056
405807528 2822 76549216 1581056
405897754 2822 75500592 1581056
405961724 2822 74451968 1581056
406025490 2822 73403344 1581056
406086095 2822 72354720 1581056
406144787 2822 71306096 1581056
406203237 2822 70257472 1581056
406261836 2822 69208848 1581056
406320333 2822 68160224 1581056
406378786 2822 67111600 1581056
406437159 2822 66062976 1581056
406495573 2822 65014352 1581056
406554144 2822 63965728 1581056
406612548 2822 62917104 1581056
406670942 2822 61868480 1581056
406729398 2822 60819856 1581056
406787868 2822 59771232 1581056
406846527 2822 58722608 1581056
406906390 2822 57673984 1581056
406964985 2822 56625360 1581056
407023487 2822 55576736 1581056
407082001 2822 54528112 1581056
407140483 2822 53479488 1581056
407198893 2822 52430864 1581056
407257322 2822 51382240 1581056
407315749 2822 50333616 1581056
407374324 2822 49284992 1581056
407432747 2822 48236368 1581056
407491180 2822 47187744 1581056
407549777 2822 46139120 1581056
407608169 2822 45090496 1581056
407666644 2822 44041872 1581056
407725151 2822 42993248 1581056
407783702 2822 41944624 1581056
407842294 2822 40896000 1581056
407901850 2822 39847376 1581056
407960467 2822 38798752 1581056
408018866 2822 37750128 1581056
408077331 2822 36701504 1581056
408135765 2822 35652880 1581056
408194332 2822 34604256 1581056
408252762 2822 33555632 1581056
408311174 2822 32507008 1581056
408369612 2822 31458384 1581056
408428121 2822 30409760 1581056
408486665 2822 29361136 1581056
408545122 2822 28312512 1581056
408603550 2822 27263888 1581056
408661984 2822 26215264 1581056
408720393 2822 25166640 1581056
408778899 2822 24118016 1581056
408837350 2822 23069392 1581056
408896889 2822 22020768 1581056
408955647 2822 20972144 1581056
409014147 2822 19923520 1581056
409072742 2822 18874896 1581056
409131169 2822 17826272 1581056
409189638 2822 16777648 1581056
409248061 2822 15729024 1581056
409306595 2822 14680400 1581056
409365018 2822 13631776 1581056
409423924 2822 12583152 1581056
409482409 2822 11534528 1581056
409541422 2822 10485904 1581056
409616608 2822 9437280 1581056
409675267 2822 8388656 1581056
409733860 2822 7340032 1581056
409792816 2822 6291408 1581056
409851262 2822 5242784 1581056
409910814 2822 4194160 1581056
409969284 2822 3145536 1581056
410027761 2822 2096912 1581056
410086375 2822 1048288 1581056
410145134 2822 384 1581056
410147551 1622 384 1581056
410177234 1582 384 1581056
410178661 1534 384 1581056
410190766 1534 384 1581056
410192200 1534 384 1581056
410193907 1534 384 1581056
410195342 1534 384 1581056
410196972 1534 384 1581056
410198539 1534 384 1581056
410199545 1534 384 1581056
410396983 1534 384 1585152
410403136 1534 384 1589248
410411298 1534 384 1593344
410419134 1534 384 1597440
410471446 1534 384 1601536
410487246 1534 384 1597440
434106133 1534 384 1601536
434157821 1534 384 1597440
434283690 1534 384 1593344
434402054 1534 384 1597440
434458434 1534 384 1593344
434460205 1534 384 1589248
434475869 1534 384 1593344
434526494 1534 384 1589248
434527316 1534 384 1585152
434528119 1534 384 1581056
434536471 1534 384 1585152
434590285 1534 384 1581056
434591079 1534 384 1576960
434591915 1534 384 1572864
434601025 1534 384 1568768
434608826 1534 384 1572864
434654600 1534 384 1568768
434655259 1534 384 1564672
434655987 1534 384 1560576
434664950 1534 384 1556480
434742480 1534 384 1560576
434844878 1534 384 1564672
434974222 1534 384 1568768
435224851 1534 384 1572864
435230850 1534 384 1568768
435231903 1534 384 1564672
435232530 1534 384 1560576
435233301 1534 384 1556480
435265304 1534 384 1552384
435266351 1534 384 1548288
435266969 1534 384 1544192
435267569 1534 384 1540096
435268152 1534 384 1536000
435268762 1534 384 1531904
435269330 1534 384 1527808
435269944 1534 384 1523712
435270569 1534 384 1519616
435271128 1534 384 1515520
435271745 1534 384 1511424
435272300 1534 384 1507328
435272855 1534 384 1503232
435273429 1534 384 1499136
435273986 1534 384 1495040
435274505 1534 384 1490944
435275071 1534 384 1486848
435275592 1534 384 1482752
435276101 1534 384 1478656
435276628 1534 384 1474560
435277277 1534 384 1470464
435277790 1534 384 1466368
435278310 1534 384 1462272
435278845 1534 384 1458176
435279356 1534 384 1454080
435279869 1534 384 1449984
435280443 1534 384 1445888
435281027 1534 384 1441792
435281547 1534 384 1437696
435282060 1534 384 1433600
435282578 1534 384 1429504
435283213 1534 384 1425408
435283729 1534 384 1421312
435284248 1534 384 1417216
435284759 1534 384 1413120
435285266 1534 384 1409024
435285767 1534 384 1404928
435286267 1534 384 1400832
435286787 1534 384 1396736
435287361 1534 384 1392640
435287892 1534 384 1388544
435288405 1534 384 1384448
435288926 1534 384 1380352
435289434 1534 384 1376256
435289951 1534 384 1372160
435290449 1534 384 1368064
435290961 1534 384 1363968
435291475 1534 384 1359872
435291990 1534 384 1355776
435292509 1534 384 1351680
435293034 1534 384 1347584
435293587 1534 384 1343488
435294103 1534 384 1339392
435294669 1534 384 1335296
435295194 1534 384 1331200
435295706 1534 384 1327104
435296267 1534 384 1323008
435296782 1534 384 1318912
435297301 1534 384 1314816
435297823 1534 384 1310720
435298360 1534 384 1306624
435298865 1534 384 1302528
435365651 1534 384 1298432
435366443 1534 384 1294336
435367063 1534 384 1290240
435367619 1534 384 1286144
435368151 1534 384 1282048
435368686 1534 384 1277952
435369225 1534 384 1273856
435369744 1534 384 1269760
435370330 1534 384 1265664
435370859 1534 384 1261568
435371385 1534 384 1257472
435371955 1534 384 1253376
435372469 1534 384 1249280
435373794 1534 384 1245184
435377330 1534 384 1241088
435377860 1534 384 1236992
435378401 1534 384 1232896
435378987 1534 384 1228800
435379509 1534 384 1224704
435380031 1534 384 1220608
435380550 1534 384 1216512
435381068 1534 384 1212416
435381577 1534 384 1208320
435382087 1534 384 1204224
435382602 1534 384 1200128
435383109 1534 384 1196032
435383626 1534 384 1191936
435384129 1534 384 1187840
435384636 1534 384 1183744
435385151 1534 384 1179648
435385653 1534 384 1175552
435386193 1534 384 1171456
435386751 1534 384 1167360
435387266 1534 384 1163264
435387794 1534 384 1159168
435388311 1534 384 1155072
435388825 1534 384 1150976
435389330 1534 384 1146880
435389844 1534 384 1142784
435390352 1534 384 1138688
435390862 1534 384 1134592
435391364 1534 384 1130496
435391878 1534 384 1126400
435392467 1534 384 1122304
435392978 1534 384 1118208
435393477 1534 384 1114112
435393993 1534 384 1110016
435394497 1534 384 1105920
435395009 1534 384 1101824
435395517 1534 384 1097728
435396028 1534 384 1093632
435396538 1534 384 1089536
435397058 1534 384 1085440
435397568 1534 384 1081344
435398078 1534 384 1077248
435398585 1534 384 1073152
435399098 1534 384 1069056
435399612 1534 384 1064960
435400122 1534 384 1060864
435400626 1534 384 1056768
435401134 1534 384 1052672
435401646 1534 384 1048576
435402156 1534 384 1044480
435402669 1534 384 1040384
435403176 1534 384 1036288
435403765 1534 384 1032192
435412266 1534 384 1028096
435412799 1534 384 1024000
435413317 1534 384 1019904
435413844 1534 384 1015808
435414369 1534 384 1011712
435414947 1534 384 1007616
435415475 1534 384 1003520
435416015 1534 384 999424
435416543 1534 384 995328
435417070 1534 384 991232
435417577 1534 384 987136
435418109 1534 384 983040
435418618 1534 384 978944
435419126 1534 384 974848
435419635 1534 384 970752
435420144 1534 384 966656
435420655 1534 384 962560
435421170 1534 384 958464
435421692 1534 384 954368
435422261 1534 384 950272
435422820 1534 384 946176
435423334 1534 384 942080
435423848 1534 384 937984
435424369 1534 384 933888
435424885 1534 384 929792
435425394 1534 384 925696
435425901 1534 384 921600
435426401 1534 384 917504
435426932 1534 384 913408
435427466 1534 384 909312
435427977 1534 384 905216
435434418 1534 384 901120
435434974 1534 384 897024
435435580 1534 384 892928
435436161 1534 384 888832
435436692 1534 384 884736
435437223 1534 384 880640
435437752 1534 384 876544
435438300 1534 384 872448
435438827 1534 384 868352
435439371 1534 384 864256
435439893 1534 384 860160
435440432 1534 384 856064
435440942 1534 384 851968
435441473 1534 384 847872
435441994 1534 384 843776
435442525 1534 384 839680
435443043 1534 384 835584
435443560 1534 384 831488
435444093 1534 384 827392
435444618 1534 384 823296
435445203 1534 384 819200
435445792 1534 384 815104
435446325 1534 384 811008
435446853 1534 384 806912
435447376 1534 384 802816
435447907 1534 384 798720
435448433 1534 384 794624
435448947 1534 384 790528
435449525 1534 384 786432
435450062 1534 384 782336
435450667 1534 384 778240
435455896 1534 384 774144
435456424 1534 384 770048
435456967 1534 384 765952
435457501 1534 384 761856
435458021 1534 384 757760
435458542 1534 384 753664
435459126 1534 384 749568
435459660 1534 384 745472
435460185 1534 384 741376
435460709 1534 384 737280
435461236 1534 384 733184
435461770 1534 384 729088
435462288 1534 384 724992
435462810 1534 384 720896
435463389 1534 384 716800
435463905 1534 384 712704
435464424 1534 384 708608
435464942 1534 384 704512
435465465 1534 384 700416
435465974 1534 384 696320
435466492 1534 384 692224
435467008 1534 384 688128
435467520 1534 384 684032
435468025 1534 384 679936
435468542 1534 384 675840
435469062 1534 384 671744
435469575 1534 384 667648
435470084 1534 384 663552
435470603 1534 384 659456
435471109 1534 384 655360
435471667 1534 384 651264
435477192 1534 384 647168
435477726 1534 384 643072
435478264 1534 384 638976
435478802 1534 384 634880
435479353 1534 384 630784
435479868 1534 384 626688
435480385 1534 384 622592
435480893 1534 384 618496
435481402 1534 384 614400
435481965 1534 384 610304
435482483 1534 384 606208
435483007 1534 384 602112
435483557 1534 384 598016
435484077 1534 384 593920
435484608 1534 384 589824
435485133 1534 384 585728
435485677 1534 384 581632
435486194 1534 384 577536
435486709 1534 384 573440
435487219 1534 384 569344
435487733 1534 384 565248
435488243 1534 384 561152
435488807 1534 384 557056
435489493 1534 384 552960
435490019 1534 384 548864
435490535 1534 384 544768
435491055 1534 384 540672
435491567 1534 384 536576
435492067 1534 384 532480
435492577 1534 384 528384
435493084 1534 384 524288
435498807 1534 384 520192
435499348 1534 384 516096
435499878 1534 384 512000
435500412 1534 384 507904
435500932 1534 384 503808
435501490 1534 384 499712
435502000 1534 384 495616
435502520 1534 384 491520
435503027 1534 384 487424
435503613 1534 384 483328
435504121 1534 384 479232
435504682 1534 384 475136
435505191 1534 384 471040
435505696 1534 384 466944
435506218 1534 384 462848
435506733 1534 384 458752
435507238 1534 384 454656
435507745 1534 384 450560
435508250 1534 384 446464
435508833 1534 384 442368
435509348 1534 384 438272
435509853 1534 384 434176
435510360 1534 384 430080
435510875 1534 384 425984
435511389 1534 384 421888
435511894 1534 384 417792
435512424 1534 384 413696
435512950 1534 384 409600
435513525 1534 384 405504
435514042 1534 384 401408
435514559 1534 384 397312
435520560 1534 384 393216
435521140 1534 384 389120
435521735 1534 384 385024
435522269 1534 384 380928
435522787 1534 384 376832
435523310 1534 384 372736
435523829 1534 384 368640
435524340 1534 384 364544
435524858 1534 384 360448
435525363 1534 384 356352
435525882 1534 384 352256
435526390 1534 384 348160
435526918 1534 384 344064
435527422 1534 384 339968
435527919 1534 384 335872
435528424 1534 384 331776
435528937 1534 384 327680
435529444 1534 384 323584
435529944 1534 384 319488
435530465 1534 384 315392
435531042 1534 384 311296
435531556 1534 384 307200
435532056 1534 384 303104
435532560 1534 384 299008
435533120 1534 384 294912
435533649 1534 384 290816
435534167 1534 384 286720
435534691 1534 384 282624
435535201 1534 384 278528
435535709 1534 384 274432
435536223 1534 384 270336
435541742 1534 384 266240
435542298 1534 384 262144
435542847 1534 384 258048
435543377 1534 384 253952
435543912 1534 384 249856
435544441 1534 384 245760
435544964 1534 384 241664
435545493 1534 384 237568
435546014 1534 384 233472
435546527 1534 384 229376
435547041 1534 384 225280
435547561 1534 384 221184
435548074 1534 384 217088
435548591 1534 384 212992
435549126 1534 384 208896
435549642 1534 384 204800
435550430 1534 384 200704
435551024 1534 384 196608
435551561 1534 384 192512
435552083 1534 384 188416
435552666 1534 384 184320
435553204 1534 384 180224
435553751 1534 384 176128
435554285 1534 384 172032
435554800 1534 384 167936
435555321 1534 384 163840
435555839 1534 384 159744
435556352 1534 384 155648
435556868 1534 384 151552
435557392 1534 384 147456
435557904 1534 384 143360
435562367 1534 384 139264
435562916 1534 384 135168
435563458 1534 384 131072
435564024 1534 384 126976
435564556 1534 384 122880
435565090 1534 384 118784
435565607 1534 384 114688
435566130 1534 384 110592
435566651 1534 384 106496
435567172 1534 384 102400
435567681 1534 384 98304
435568191 1534 384 94208
435568710 1534 384 90112
435569258 1534 384 86016
435569806 1534 384 81920
435570320 1534 384 77824
435570847 1534 384 73728
435571357 1534 384 69632
435571943 1534 384 65536
435572458 1534 384 61440
435572975 1534 384 57344
435573501 1534 384 53248
435574018 1534 384 49152
435574524 1534 384 45056
435575034 1534 384 40960
435575543 1534 384 36864
435576049 1534 384 32768
435576560 1534 384 28672
435577066 1534 384 24576
435577574 1534 384 20480
435578074 1534 384 16384
435582360 1534 384 12288
435582922 1534 384 8192
435583449 1534 384 4096
