ts heap stack kmem
389114438 1622 384 1200128
389118586 2822 384 1200128
389122883 2822 352 1200128
389139023 2822 352 1204224
389144731 1051398 352 1204224
389146272 1051398 320 1204224
389223897 1051398 320 1208320
389228057 1051398 320 1212416
389234499 2099974 320 1212416
389236031 2099974 320 1212416
389301999 2099974 320 1216512
389303732 2099974 320 1220608
389306057 3148550 320 1220608
389307405 3148550 320 1220608
389371490 3148550 320 1224704
389373686 4197126 320 1224704
389374971 4197126 320 1224704
389437963 4197126 320 1228800
389439497 4197126 320 1232896
389441494 5245702 320 1232896
389442755 5245702 320 1232896
389505458 5245702 320 1236992
389508560 6294278 320 1236992
389509914 6294278 320 1236992
389572675 6294278 320 1241088
389574236 6294278 320 1245184
389576379 7342854 320 1245184
389577694 7342854 320 1245184
389640246 7342854 320 1249280
389642301 8391430 320 1249280
389643544 8391430 320 1249280
389706503 8391430 320 1253376
389707997 8391430 320 1257472
389709984 9440006 320 1257472
389711266 9440006 320 1257472
389774197 9440006 320 1261568
389776378 10488582 320 1261568
389777650 10488582 320 1261568
389841079 10488582 320 1265664
389842613 10488582 320 1269760
389844644 11537158 320 1269760
389845868 11537158 320 1269760
389908597 11537158 320 1273856
389910582 12585734 320 1273856
389911852 12585734 320 1273856
389979659 12585734 320 1277952
389982457 12585734 320 1282048
389984555 13634310 320 1282048
389985856 13634310 320 1282048
390049679 13634310 320 1286144
390051873 14682886 320 1286144
390053147 14682886 320 1286144
390116046 14682886 320 1290240
390117671 14682886 320 1294336
390119631 15731462 320 1294336
390120892 15731462 320 1294336
390183712 15731462 320 1298432
390188755 16780038 320 1298432
390190065 16780038 320 1298432
390253655 16780038 320 1302528
390255180 16780038 320 1306624
390257147 17828614 320 1306624
390258487 17828614 320 1306624
390321180 17828614 320 1310720
390323306 18877190 320 1310720
390324551 18877190 320 1310720
390387362 18877190 320 1314816
390388977 18877190 320 1318912
390390945 19925766 320 1318912
390392185 19925766 320 1318912
390455326 19925766 320 1323008
390457444 20974342 320 1323008
390458675 20974342 320 1323008
390521734 20974342 320 1327104
390523201 20974342 320 1331200
390525191 22022918 320 1331200
390526492 22022918 320 1331200
390589016 22022918 320 1335296
390591090 23071494 320 1335296
390592308 23071494 320 1335296
390654927 23071494 320 1339392
390661187 23071494 320 1343488
390663131 24120070 320 1343488
390664449 24120070 320 1343488
390727223 24120070 320 1347584
390729323 25168646 320 1347584
390730566 25168646 320 1347584
390793382 25168646 320 1351680
390794867 25168646 320 1355776
390796889 26217222 320 1355776
390798147 26217222 320 1355776
390860698 26217222 320 1359872
390862888 27265798 320 1359872
390864090 27265798 320 1359872
390927081 27265798 320 1363968
390928648 27265798 320 1368064
390930613 28314374 320 1368064
390931869 28314374 320 1368064
390996201 28314374 320 1372160
390998377 29362950 320 1372160
390999639 29362950 320 1372160
391062528 29362950 320 1376256
391064035 29362950 320 1380352
391065969 30411526 320 1380352
391067252 30411526 320 1380352
391129885 30411526 320 1384448
391134562 31460102 320 1384448
391135819 31460102 320 1384448
391198601 31460102 320 1388544
391200068 31460102 320 1392640
391202051 32508678 320 1392640
391203319 32508678 320 1392640
391266027 32508678 320 1396736
391268123 33557254 320 1396736
391269350 33557254 320 1396736
391332092 33557254 320 1400832
391333584 33557254 320 1404928
391335521 34605830 320 1404928
391336790 34605830 320 1404928
391399316 34605830 320 1409024
391401424 35654406 320 1409024
391402664 35654406 320 1409024
391465331 35654406 320 1413120
391466792 35654406 320 1417216
391468807 36702982 320 1417216
391470058 36702982 320 1417216
391532912 36702982 320 1421312
391534955 37751558 320 1421312
391536185 37751558 320 1421312
391598988 37751558 320 1425408
391600398 37751558 320 1429504
391602321 38800134 320 1429504
391603559 38800134 320 1429504
391666243 38800134 320 1433600
391668681 39848710 320 1433600
391669912 39848710 320 1433600
391732462 39848710 320 1437696
391733994 39848710 320 1441792
391735989 40897286 320 1441792
391737244 40897286 320 1441792
391799807 40897286 320 1445888
391801863 41945862 320 1445888
391803130 41945862 320 1445888
391865723 41945862 320 1449984
391867221 41945862 320 1454080
391869196 42994438 320 1454080
391870478 42994438 320 1454080
391932938 42994438 320 1458176
391934978 44043014 320 1458176
391936229 44043014 320 1458176
391951792 44043014 320 1462272
391953282 44043014 320 1466368
391955204 45091590 320 1466368
391956423 45091590 320 1466368
392019378 45091590 320 1470464
392024144 46140166 320 1470464
392025444 46140166 320 1470464
392088434 46140166 320 1474560
392090031 46140166 320 1478656
392092051 47188742 320 1478656
392093374 47188742 320 1478656
392156124 47188742 320 1482752
392158892 48237318 320 1482752
392160159 48237318 320 1482752
392222785 48237318 320 1486848
392224259 48237318 320 1490944
392226265 49285894 320 1490944
392227489 49285894 320 1490944
392290113 49285894 320 1495040
392292224 50334470 320 1495040
392293458 50334470 320 1495040
392356222 50334470 320 1499136
392357674 50334470 320 1503232
392359695 51383046 320 1503232
392361022 51383046 320 1503232
392423749 51383046 320 1507328
392425837 52431622 320 1507328
392427079 52431622 320 1507328
392489664 52431622 320 1511424
392491120 52431622 320 1515520
392493068 53480198 320 1515520
392494322 53480198 320 1515520
392557137 53480198 320 1519616
392559226 54528774 320 1519616
392560444 54528774 320 1519616
392623587 54528774 320 1523712
392625070 54528774 320 1527808
392626996 55577350 320 1527808
392628268 55577350 320 1527808
392718809 55577350 320 1531904
392731225 55577350 320 1536000
392739756 56625926 320 1536000
392745367 56625926 320 1540096
392754728 56625926 320 1544192
392777945 56625926 320 1544192
392854361 56625926 320 1548288
392856783 56625926 320 1552384
392859717 57674502 320 1552384
392861825 57674502 320 1552384
392929366 57674502 320 1556480
392932407 58723078 320 1556480
392934059 58723078 320 1556480
392958044 58723078 320 1560576
392960605 58723078 320 1564672
392963356 59771654 320 1564672
392965564 59771654 320 1564672
393034099 59771654 320 1568768
393037342 60820230 320 1568768
393039198 60820230 320 1568768
393107307 60820230 320 1572864
393109596 60820230 320 1576960
393112132 61868806 320 1576960
393113780 61868806 320 1576960
393182530 61868806 320 1581056
393185518 62917382 320 1581056
393187451 62917382 320 1581056
393255643 62917382 320 1585152
393258073 62917382 320 1589248
393260762 63965958 320 1589248
393262570 63965958 320 1589248
393329926 63965958 320 1593344
393332949 65014534 320 1593344
393334771 65014534 320 1593344
393403318 65014534 320 1597440
393405615 65014534 320 1601536
393408088 66063110 320 1601536
393409819 66063110 320 1601536
393477967 66063110 320 1605632
393481515 67111686 320 1605632
393483294 67111686 320 1605632
393551687 67111686 320 1609728
393554042 67111686 320 1613824
393556670 68160262 320 1613824
393558585 68160262 320 1613824
393626235 68160262 320 1617920
393633525 69208838 320 1617920
393635214 69208838 320 1617920
393702918 69208838 320 1622016
393705153 69208838 320 1626112
393708464 70257414 320 1626112
393710215 70257414 320 1626112
393777707 70257414 320 1630208
393780898 71305990 320 1630208
393782582 71305990 320 1630208
393850897 71305990 320 1634304
393853171 71305990 320 1638400
393855701 72354566 320 1638400
393857566 72354566 320 1638400
393924980 72354566 320 1642496
393927982 73403142 320 1642496
393929760 73403142 320 1642496
393999270 73403142 320 1646592
394001731 73403142 320 1650688
394004496 74451718 320 1650688
394006520 74451718 320 1650688
394074380 74451718 320 1654784
394077419 75500294 320 1654784
394079222 75500294 320 1654784
394149186 75500294 320 1658880
394151708 75500294 320 1662976
394154842 76548870 320 1662976
394157161 76548870 320 1662976
394223584 76548870 320 1667072
394226527 77597446 320 1667072
394228178 77597446 320 1667072
394297022 77597446 320 1671168
394299466 77597446 320 1675264
394302333 78646022 320 1675264
394304392 78646022 320 1675264
394376326 78646022 320 1679360
394379975 79694598 320 1679360
394382308 79694598 320 1679360
394457851 79694598 320 1683456
394460974 79694598 320 1687552
394464584 80743174 320 1687552
394467260 80743174 320 1687552
394537871 80743174 320 1691648
394541222 81791750 320 1691648
394543265 81791750 320 1691648
394612374 81791750 320 1695744
394615253 81791750 320 1699840
394621423 82840326 320 1699840
394623281 82840326 320 1699840
394691807 82840326 320 1703936
394698920 83888902 320 1703936
394700901 83888902 320 1703936
394770061 83888902 320 1708032
394777979 83888902 320 1712128
394780803 84937478 320 1712128
394782663 84937478 320 1712128
394851125 84937478 320 1716224
394854386 85986054 320 1716224
394856214 85986054 320 1716224
394925006 85986054 320 1720320
394927314 85986054 320 1724416
394930033 87034630 320 1724416
394931912 87034630 320 1724416
395001527 87034630 320 1728512
395005071 88083206 320 1728512
395007123 88083206 320 1728512
395076134 88083206 320 1732608
395078457 88083206 320 1736704
395082011 89131782 320 1736704
395083960 89131782 320 1736704
395152331 89131782 320 1740800
395155473 90180358 320 1740800
395157341 90180358 320 1740800
395226030 90180358 320 1744896
395228371 90180358 320 1748992
395230975 91228934 320 1748992
395232918 91228934 320 1748992
395301357 91228934 320 1753088
395304467 92277510 320 1753088
395306281 92277510 320 1753088
395375272 92277510 320 1757184
395377721 92277510 320 1761280
395380397 93326086 320 1761280
395382199 93326086 320 1761280
395450123 93326086 320 1765376
395453213 94374662 320 1765376
395454965 94374662 320 1765376
395523264 94374662 320 1769472
395525467 94374662 320 1773568
395528104 95423238 320 1773568
395529929 95423238 320 1773568
395598515 95423238 320 1777664
395601736 96471814 320 1777664
395603555 96471814 320 1777664
395672694 96471814 320 1781760
395675158 96471814 320 1785856
395677846 97520390 320 1785856
395679635 97520390 320 1785856
395748602 97520390 320 1789952
395755511 98568966 320 1789952
395757462 98568966 320 1789952
395826722 98568966 320 1794048
395829233 98568966 320 1798144
395831990 99617542 320 1798144
395834162 99617542 320 1798144
395902690 99617542 320 1802240
395906216 100666118 320 1802240
395908041 100666118 320 1802240
395978607 100666118 320 1806336
395981141 100666118 320 1810432
395983999 101714694 320 1810432
395986281 101714694 320 1810432
396055821 101714694 320 1814528
396059405 102763270 320 1814528
396061396 102763270 320 1814528
396131289 102763270 320 1818624
396133663 102763270 320 1822720
396136779 103811846 320 1822720
396138855 103811846 320 1822720
396208144 103811846 320 1826816
396211439 104860422 320 1826816
396213496 104860422 320 1826816
396283484 104860422 320 1830912
396285829 104860422 320 1835008
396288721 105908998 320 1835008
396290819 105908998 320 1835008
396360462 105908998 320 1839104
396363911 106957574 320 1839104
396365894 106957574 320 1839104
396436229 106957574 320 1843200
396438577 106957574 320 1847296
396441572 108006150 320 1847296
396443503 108006150 320 1847296
396514929 108006150 320 1851392
396518737 109054726 320 1851392
396521045 109054726 320 1851392
396588168 109054726 320 1855488
396590093 109054726 320 1859584
396592644 110103302 320 1859584
396594367 110103302 320 1859584
396657343 110103302 320 1863680
396659723 111151878 320 1863680
396660967 111151878 320 1863680
396724499 111151878 320 1867776
396726106 111151878 320 1871872
396728052 112200454 320 1871872
396729282 112200454 320 1871872
396791907 112200454 320 1875968
396797104 113249030 320 1875968
396798424 113249030 320 1875968
396863846 113249030 320 1880064
396866031 113249030 320 1884160
396868355 114297606 320 1884160
396869940 114297606 320 1884160
396981107 114297606 320 1888256
396986034 115346182 320 1888256
396988977 115346182 320 1888256
397064762 115346182 320 1892352
397067892 115346182 320 1896448
397071347 116394758 320 1896448
397073754 116394758 320 1896448
397152564 116394758 320 1900544
397157384 117443334 320 1900544
397159907 117443334 320 1900544
397232696 117443334 320 1904640
397235419 117443334 320 1908736
397238835 118491910 320 1908736
397241384 118491910 320 1908736
397314712 118491910 320 1912832
397319153 119540486 320 1912832
397321641 119540486 320 1912832
397396655 119540486 320 1916928
397399325 119540486 320 1921024
397403251 120589062 320 1921024
397405959 120589062 320 1921024
397479659 120589062 320 1925120
397483847 121637638 320 1925120
397486472 121637638 320 1925120
397559940 121637638 320 1929216
397562721 121637638 320 1933312
397565998 122686214 320 1933312
397568623 122686214 320 1933312
397640863 122686214 320 1937408
397644657 123734790 320 1937408
397647309 123734790 320 1937408
397720646 123734790 320 1941504
397723325 123734790 320 1945600
397726903 124783366 320 1945600
397729447 124783366 320 1945600
397797033 124783366 320 1949696
397800572 125831942 320 1949696
397802336 125831942 320 1949696
397870306 125831942 320 1953792
397872728 125831942 320 1957888
397875735 126880518 320 1957888
397877931 126880518 320 1957888
397987446 126880518 320 1961984
397996634 127929094 320 1961984
397999694 127929094 320 1961984
398076321 127929094 320 1966080
398079230 127929094 320 1970176
398083267 128977670 320 1970176
398086017 128977670 320 1970176
398156292 128977670 320 1974272
398165922 130026246 320 1974272
398218117 130026246 320 1978368
398238456 130026246 320 1978368
398312375 130026246 320 1982464
398314899 130026246 320 1986560
398318714 131074822 320 1986560
398321426 131074822 320 1986560
398394194 131074822 320 1990656
398399171 132123398 320 1990656
398401477 132123398 320 1990656
398472925 132123398 320 1994752
398475524 132123398 320 1998848
398479539 133171974 320 1998848
398482109 133171974 320 1998848
398554704 133171974 320 2002944
398558806 134220550 320 2002944
398561187 134220550 320 2002944
398633979 134220550 320 2007040
398636709 134220550 320 2011136
398640122 135269126 320 2011136
398642403 135269126 320 2011136
398716135 135269126 320 2015232
398719954 136317702 320 2015232
398722219 136317702 320 2015232
398797564 136317702 320 2019328
398800610 136317702 320 2023424
398804561 137366278 320 2023424
398807166 137366278 320 2023424
398880310 137366278 320 2027520
398884659 138414854 320 2027520
398887227 138414854 320 2027520
398965586 138414854 320 2031616
398968479 138414854 320 2035712
398972168 139463430 320 2035712
398974757 139463430 320 2035712
399049698 139463430 320 2039808
399054176 140512006 320 2039808
399056901 140512006 320 2039808
399132700 140512006 320 2043904
399135746 140512006 320 2048000
399139455 141560582 320 2048000
399142251 141560582 320 2048000
399217999 141560582 320 2052096
399226620 142609158 320 2052096
399229351 142609158 320 2052096
399303804 142609158 320 2056192
399306814 142609158 320 2060288
399310504 143657734 320 2060288
399313040 143657734 320 2060288
399387201 143657734 320 2064384
399391216 144706310 320 2064384
399393724 144706310 320 2064384
399466829 144706310 320 2068480
399469608 144706310 320 2072576
399472901 145754886 320 2072576
399475311 145754886 320 2072576
399544460 145754886 320 2076672
399548018 146803462 320 2076672
399550043 146803462 320 2076672
399619468 146803462 320 2080768
399621770 146803462 320 2084864
399624584 147852038 320 2084864
399626440 147852038 320 2084864
399694965 147852038 320 2088960
399698517 148900614 320 2088960
399700384 148900614 320 2088960
399769952 148900614 320 2093056
399778732 148900614 320 2097152
399781898 149949190 320 2097152
399783925 149949190 320 2097152
399853274 149949190 320 2101248
399856598 150997766 320 2101248
399858456 150997766 320 2101248
399928282 150997766 320 2105344
399930657 150997766 320 2109440
399933529 152046342 320 2109440
399935605 152046342 320 2109440
399991612 152046342 320 2113536
399994847 153094918 320 2113536
399996788 153094918 320 2113536
400067378 153094918 320 2117632
400069729 153094918 320 2121728
400073158 154143494 320 2121728
400075125 154143494 320 2121728
400144245 154143494 320 2125824
400147762 155192070 320 2125824
400149698 155192070 320 2125824
400220205 155192070 320 2129920
400222546 155192070 320 2134016
400225428 156240646 320 2134016
400227478 156240646 320 2134016
400296961 156240646 320 2138112
400304503 157289222 320 2138112
400306761 157289222 320 2138112
400374515 156240646 320 2138112
400396884 156240646 320 2134016
400401336 156240646 320 2134016
400464417 155192070 320 2134016
400478486 155192070 320 2129920
400481601 155192070 320 2129920
400543819 154143494 320 2129920
400554962 154143494 320 2125824
400557708 154143494 320 2125824
400620424 153094918 320 2125824
400631066 153094918 320 2121728
400633548 153094918 320 2121728
400696239 152046342 320 2121728
400709221 152046342 320 2117632
400710638 152046342 320 2113536
400714912 152046342 320 2113536
400778213 150997766 320 2113536
400789052 150997766 320 2109440
400791519 150997766 320 2109440
400853928 149949190 320 2109440
400864635 149949190 320 2105344
400865889 149949190 320 2101248
400870130 149949190 320 2101248
400933736 148900614 320 2101248
400954345 148900614 320 2097152
400957343 148900614 320 2097152
401021485 147852038 320 2097152
401032808 147852038 320 2093056
401034079 147852038 320 2088960
401038550 147852038 320 2088960
401102342 146803462 320 2088960
401113151 146803462 320 2084864
401115700 146803462 320 2084864
401180875 145754886 320 2084864
401193510 145754886 320 2080768
401195217 145754886 320 2076672
401199876 145754886 320 2076672
401264764 144706310 320 2076672
401280703 144706310 320 2072576
401282161 144706310 320 2068480
401284801 144706310 320 2068480
401347624 143657734 320 2068480
401359250 143657734 320 2064384
401361869 143657734 320 2064384
401424325 142609158 320 2064384
401434390 142609158 320 2060288
401436799 142609158 320 2060288
401500047 141560582 320 2060288
401520107 141560582 320 2056192
401521516 141560582 320 2052096
401523970 141560582 320 2052096
401586865 140512006 320 2052096
401597428 140512006 320 2048000
401600057 140512006 320 2048000
401663114 139463430 320 2048000
401684152 139463430 320 2043904
401685221 139463430 320 2039808
401687718 139463430 320 2039808
401750370 138414854 320 2039808
401760904 138414854 320 2035712
401763360 138414854 320 2035712
401825976 137366278 320 2035712
401847828 137366278 320 2031616
401848929 137366278 320 2027520
401851333 137366278 320 2027520
401914492 136317702 320 2027520
401924313 136317702 320 2023424
401926742 136317702 320 2023424
401991006 135269126 320 2023424
402001826 135269126 320 2019328
402003011 135269126 320 2015232
402006320 135269126 320 2015232
402066372 134220550 320 2015232
402072362 134220550 320 2011136
402073932 134220550 320 2011136
402132731 133171974 320 2011136
402138880 133171974 320 2007040
402139657 133171974 320 2002944
402142159 133171974 320 2002944
402200972 132123398 320 2002944
402206587 132123398 320 1998848
402208016 132123398 320 1998848
402266540 131074822 320 1998848
402272555 131074822 320 1994752
402273287 131074822 320 1990656
402275357 131074822 320 1990656
402334297 130026246 320 1990656
402339900 130026246 320 1986560
402341346 130026246 320 1986560
402400139 128977670 320 1986560
402406127 128977670 320 1982464
402406871 128977670 320 1978368
402408970 128977670 320 1978368
402467927 127929094 320 1978368
402473455 127929094 320 1974272
402474875 127929094 320 1974272
402533410 126880518 320 1974272
402539417 126880518 320 1970176
402540172 126880518 320 1966080
402542309 126880518 320 1966080
402601220 125831942 320 1966080
402606669 125831942 320 1961984
402608597 125831942 320 1961984
402667151 124783366 320 1961984
402673124 124783366 320 1957888
402673869 124783366 320 1953792
402676185 124783366 320 1953792
402735025 123734790 320 1953792
402741313 123734790 320 1949696
402742768 123734790 320 1949696
402801455 122686214 320 1949696
402807483 122686214 320 1945600
402808186 122686214 320 1941504
402810345 122686214 320 1941504
402869303 121637638 320 1941504
402874874 121637638 320 1937408
402876359 121637638 320 1937408
402934856 120589062 320 1937408
402972578 120589062 320 1933312
402973491 120589062 320 1929216
402976672 120589062 320 1929216
403036410 119540486 320 1929216
403042904 119540486 320 1925120
403044486 119540486 320 1925120
403103040 118491910 320 1925120
403108989 118491910 320 1921024
403109698 118491910 320 1916928
403111921 118491910 320 1916928
403170911 117443334 320 1916928
403176496 117443334 320 1912832
403177837 117443334 320 1912832
403236343 116394758 320 1912832
403242436 116394758 320 1908736
403243105 116394758 320 1904640
403245394 116394758 320 1904640
403304310 115346182 320 1904640
403309962 115346182 320 1900544
403311320 115346182 320 1900544
403369800 114297606 320 1900544
403375616 114297606 320 1896448
403376435 114297606 320 1892352
403378663 114297606 320 1892352
403437518 113249030 320 1892352
403443069 113249030 320 1888256
403444484 113249030 320 1888256
403503067 112200454 320 1888256
403508975 112200454 320 1884160
403509666 112200454 320 1880064
403511808 112200454 320 1880064
403570883 111151878 320 1880064
403576656 111151878 320 1875968
403578040 111151878 320 1875968
403636584 110103302 320 1875968
403642481 110103302 320 1871872
403644780 110103302 320 1871872
403703725 109054726 320 1871872
403709426 109054726 320 1871872
403767830 108006150 320 1871872
403773872 108006150 320 1867776
403776314 108006150 320 1867776
403835163 106957574 320 1867776
403840829 106957574 320 1867776
403899204 105908998 320 1867776
403905027 105908998 320 1863680
403907329 105908998 320 1863680
403967835 104860422 320 1863680
403973705 104860422 320 1863680
404032011 103811846 320 1863680
404037646 103811846 320 1859584
404041160 103811846 320 1859584
404124868 102763270 320 1859584
404132525 102763270 320 1859584
404190852 101714694 320 1859584
404197200 101714694 320 1855488
404199786 101714694 320 1855488
404259075 100666118 320 1855488
404264843 100666118 320 1851392
404266398 100666118 320 1851392
404325074 99617542 320 1851392
404331438 99617542 320 1847296
404332193 99617542 320 1843200
404334709 99617542 320 1843200
404393541 98568966 320 1843200
404399416 98568966 320 1839104
404400823 98568966 320 1839104
404459265 97520390 320 1839104
404465423 97520390 320 1835008
404466263 97520390 320 1830912
404468563 97520390 320 1830912
404527363 96471814 320 1830912
404533030 96471814 320 1826816
404534464 96471814 320 1826816
404592982 95423238 320 1826816
404599062 95423238 320 1822720
404599946 95423238 320 1818624
404602248 95423238 320 1818624
404661232 94374662 320 1818624
404666958 94374662 320 1814528
404668352 94374662 320 1814528
404726801 93326086 320 1814528
404732996 93326086 320 1810432
404733845 93326086 320 1806336
404736058 93326086 320 1806336
404794892 92277510 320 1806336
404800534 92277510 320 1802240
404801938 92277510 320 1802240
404860495 91228934 320 1802240
404866706 91228934 320 1798144
404867497 91228934 320 1794048
404869729 91228934 320 1794048
404928641 90180358 320 1794048
404934349 90180358 320 1789952
404935820 90180358 320 1789952
404947285 89131782 320 1789952
404953530 89131782 320 1785856
404954266 89131782 320 1781760
404956469 89131782 320 1781760
405015299 88083206 320 1781760
405020777 88083206 320 1777664
405022158 88083206 320 1777664
405080560 87034630 320 1777664
405086847 87034630 320 1773568
405087531 87034630 320 1769472
405089674 87034630 320 1769472
405148494 85986054 320 1769472
405153933 85986054 320 1765376
405155381 85986054 320 1765376
405213846 84937478 320 1765376
405219824 84937478 320 1761280
405220498 84937478 320 1757184
405222678 84937478 320 1757184
405281522 83888902 320 1757184
405287016 83888902 320 1753088
405288421 83888902 320 1753088
405346938 82840326 320 1753088
405353039 82840326 320 1748992
405353752 82840326 320 1744896
405356053 82840326 320 1744896
405414856 81791750 320 1744896
405420314 81791750 320 1740800
405421672 81791750 320 1740800
405480337 80743174 320 1740800
405486564 80743174 320 1736704
405487319 80743174 320 1732608
405489403 80743174 320 1732608
405548211 79694598 320 1732608
405553759 79694598 320 1728512
405555190 79694598 320 1728512
405613687 78646022 320 1728512
405619736 78646022 320 1724416
405620411 78646022 320 1720320
405622604 78646022 320 1720320
405681423 77597446 320 1720320
405687027 77597446 320 1716224
405688476 77597446 320 1716224
405747200 76548870 320 1716224
405753409 76548870 320 1712128
405754089 76548870 320 1708032
405756285 76548870 320 1708032
405814999 75500294 320 1708032
405820708 75500294 320 1703936
405822207 75500294 320 1703936
405880677 74451718 320 1703936
405886765 74451718 320 1699840
405887552 74451718 320 1695744
405889824 74451718 320 1695744
405949431 73403142 320 1695744
405955217 73403142 320 1691648
405956690 73403142 320 1691648
406015482 72354566 320 1691648
406021745 72354566 320 1687552
406022467 72354566 320 1683456
406024906 72354566 320 1683456
406088582 71305990 320 1683456
406099763 71305990 320 1679360
406102377 71305990 320 1679360
406163313 70257414 320 1679360
406170793 70257414 320 1675264
406171608 70257414 320 1671168
406174410 70257414 320 1671168
406236487 69208838 320 1671168
406242438 69208838 320 1667072
406243839 69208838 320 1667072
406302464 68160262 320 1667072
406308778 68160262 320 1662976
406309493 68160262 320 1658880
406311742 68160262 320 1658880
406370481 67111686 320 1658880
406376111 67111686 320 1654784
406377514 67111686 320 1654784
406436061 66063110 320 1654784
406442157 66063110 320 1650688
406442928 66063110 320 1646592
406445445 66063110 320 1646592
406504410 65014534 320 1646592
406511502 65014534 320 1642496
406513011 65014534 320 1642496
406571876 63965958 320 1642496
406578248 63965958 320 1638400
406579123 63965958 320 1634304
406581201 63965958 320 1634304
406640166 62917382 320 1634304
406645882 62917382 320 1630208
406647275 62917382 320 1630208
406705940 61868806 320 1630208
406712275 61868806 320 1626112
406713066 61868806 320 1622016
406715150 61868806 320 1622016
406774172 60820230 320 1622016
406779564 60820230 320 1617920
406781008 60820230 320 1617920
406839722 59771654 320 1617920
406847931 59771654 320 1613824
406848892 59771654 320 1609728
406851642 59771654 320 1609728
406910514 58723078 320 1609728
406916273 58723078 320 1605632
406917754 58723078 320 1605632
406977211 57674502 320 1605632
406983371 57674502 320 1601536
406984097 57674502 320 1597440
406994170 57674502 320 1597440
407053522 56625926 320 1597440
407059622 56625926 320 1593344
407061027 56625926 320 1593344
407119556 55577350 320 1593344
407127818 55577350 320 1589248
407128570 55577350 320 1585152
407131109 55577350 320 1585152
407190033 54528774 320 1585152
407195677 54528774 320 1581056
407197167 54528774 320 1581056
407255804 53480198 320 1581056
407261625 53480198 320 1576960
407262357 53480198 320 1572864
407264625 53480198 320 1572864
407323397 52431622 320 1572864
407328808 52431622 320 1568768
407330266 52431622 320 1568768
407388839 51383046 320 1568768
407395266 51383046 320 1564672
407396011 51383046 320 1560576
407398308 51383046 320 1560576
407457272 50334470 320 1560576
407462842 50334470 320 1556480
407464386 50334470 320 1556480
407523049 49285894 320 1556480
407529230 49285894 320 1552384
407530005 49285894 320 1548288
407532497 49285894 320 1548288
407591520 48237318 320 1548288
407597093 48237318 320 1544192
407598501 48237318 320 1544192
407657187 47188742 320 1544192
407663714 47188742 320 1540096
407664423 47188742 320 1536000
407666729 47188742 320 1536000
407724754 46140166 320 1536000
407730777 46140166 320 1531904
407732254 46140166 320 1531904
407790859 45091590 320 1531904
407797651 45091590 320 1527808
407798369 45091590 320 1523712
407800786 45091590 320 1523712
407859670 44043014 320 1523712
407865243 44043014 320 1519616
407866687 44043014 320 1519616
407925412 42994438 320 1519616
407931919 42994438 320 1515520
407932659 42994438 320 1511424
407934826 42994438 320 1511424
407946784 41945862 320 1511424
407952635 41945862 320 1507328
407954076 41945862 320 1507328
408012759 40897286 320 1507328
408018793 40897286 320 1503232
408019492 40897286 320 1499136
408021815 40897286 320 1499136
408079910 39848710 320 1499136
408085643 39848710 320 1495040
408087081 39848710 320 1495040
408145611 38800134 320 1495040
408151723 38800134 320 1490944
408152567 38800134 320 1486848
408154689 38800134 320 1486848
408213508 37751558 320 1486848
408219007 37751558 320 1482752
408220472 37751558 320 1482752
408278947 36702982 320 1482752
408285173 36702982 320 1478656
408286023 36702982 320 1474560
408288300 36702982 320 1474560
408347132 35654406 320 1474560
408352738 35654406 320 1470464
408360376 35654406 320 1470464
408419147 34605830 320 1470464
408425477 34605830 320 1466368
408426206 34605830 320 1462272
408428512 34605830 320 1462272
408487453 33557254 320 1462272
408493146 33557254 320 1458176
408494521 33557254 320 1458176
408553028 32508678 320 1458176
408559486 32508678 320 1454080
408560260 32508678 320 1449984
408562537 32508678 320 1449984
408621414 31460102 320 1449984
408626967 31460102 320 1445888
408628383 31460102 320 1445888
408687142 30411526 320 1445888
408693466 30411526 320 1441792
408694281 30411526 320 1437696
408696419 30411526 320 1437696
408755317 29362950 320 1437696
408761090 29362950 320 1433600
408762594 29362950 320 1433600
408821191 28314374 320 1433600
408827341 28314374 320 1429504
408828167 28314374 320 1425408
408830292 28314374 320 1425408
408889274 27265798 320 1425408
408895304 27265798 320 1421312
408896757 27265798 320 1421312
408956055 26217222 320 1421312
408962106 26217222 320 1417216
408962791 26217222 320 1413120
408964953 26217222 320 1413120
409024574 25168646 320 1413120
409030296 25168646 320 1409024
409031671 25168646 320 1409024
409090493 24120070 320 1409024
409096970 24120070 320 1404928
409097698 24120070 320 1400832
409100118 24120070 320 1400832
409159205 23071494 320 1400832
409165322 23071494 320 1396736
409167281 23071494 320 1396736
409231086 22022918 320 1396736
409242241 22022918 320 1392640
409243491 22022918 320 1388544
409247681 22022918 320 1388544
409312328 20974342 320 1388544
409322921 20974342 320 1384448
409325377 20974342 320 1384448
409387819 19925766 320 1384448
409398578 19925766 320 1380352
409399785 19925766 320 1376256
409403879 19925766 320 1376256
409467210 18877190 320 1376256
409477548 18877190 320 1372160
409480067 18877190 320 1372160
409543933 17828614 320 1372160
409578144 17828614 320 1368064
409579693 17828614 320 1363968
409584089 17828614 320 1363968
409648464 16780038 320 1363968
409659469 16780038 320 1359872
409662059 16780038 320 1359872
409724746 15731462 320 1359872
409735764 15731462 320 1355776
409737115 15731462 320 1351680
409741650 15731462 320 1351680
409805033 14682886 320 1351680
409815586 14682886 320 1347584
409818257 14682886 320 1347584
409881688 13634310 320 1347584
409893030 13634310 320 1343488
409903564 13634310 320 1339392
409907787 13634310 320 1339392
409971812 12585734 320 1339392
409982664 12585734 320 1335296
409985578 12585734 320 1335296
410050654 11537158 320 1335296
410062543 11537158 320 1331200
410064097 11537158 320 1327104
410071604 11537158 320 1327104
410135398 10488582 320 1327104
410145454 10488582 320 1323008
410147853 10488582 320 1323008
410210395 9440006 320 1323008
410220931 9440006 320 1318912
410222194 9440006 320 1314816
410226509 9440006 320 1314816
410289633 8391430 320 1314816
410300151 8391430 320 1310720
410302700 8391430 320 1310720
410365799 7342854 320 1310720
410377250 7342854 320 1306624
410378615 7342854 320 1302528
410383080 7342854 320 1302528
410446787 6294278 320 1302528
410457204 6294278 320 1298432
410459678 6294278 320 1298432
410522488 5245702 320 1298432
410533287 5245702 320 1294336
410536940 5245702 320 1290240
410541571 5245702 320 1290240
410605098 4197126 320 1290240
410615882 4197126 320 1286144
410618434 4197126 320 1286144
410680980 3148550 320 1286144
410692370 3148550 320 1282048
410693629 3148550 320 1277952
410697800 3148550 320 1277952
410761231 2099974 320 1277952
410771285 2099974 320 1273856
410776111 2099974 320 1273856
410838627 1051398 320 1273856
410850471 1051398 320 1269760
410851743 1051398 320 1265664
410856296 1051398 320 1265664
410920384 2822 320 1265664
410933053 2822 320 1261568
410937117 2822 320 1257472
410954652 2822 320 1257472
411019919 2822 352 1257472
411035684 2822 352 1261568
411040943 1051398 352 1261568
411043035 1051398 320 1261568
411115791 1051398 320 1265664
411119317 2099974 320 1265664
411121374 2099974 320 1265664
411192742 2099974 320 1269760
411195148 2099974 320 1273856
411198196 3148550 320 1273856
411200266 3148550 320 1273856
411273022 3148550 320 1277952
411276706 4197126 320 1277952
411278914 4197126 320 1277952
411348747 4197126 320 1282048
411350950 4197126 320 1286144
411353705 5245702 320 1286144
411355813 5245702 320 1286144
411425241 5245702 320 1290240
411428621 6294278 320 1290240
411430557 6294278 320 1290240
411499352 6294278 320 1294336
411501706 6294278 320 1298432
411504936 7342854 320 1298432
411507047 7342854 320 1298432
411576613 7342854 320 1302528
411580078 8391430 320 1302528
411582038 8391430 320 1302528
411652827 8391430 320 1306624
411655170 8391430 320 1310720
411658410 9440006 320 1310720
411660608 9440006 320 1310720
411732051 9440006 320 1314816
411735551 10488582 320 1314816
411737236 10488582 320 1314816
411803899 10488582 320 1318912
411805492 10488582 320 1323008
411807516 11537158 320 1323008
411808814 11537158 320 1323008
411871408 11537158 320 1327104
411873682 12585734 320 1327104
411874885 12585734 320 1327104
411948500 12585734 320 1331200
411951937 12585734 320 1335296
411953990 13634310 320 1335296
411955481 13634310 320 1335296
412024762 13634310 320 1339392
412028006 14682886 320 1339392
412046040 14682886 320 1339392
412119666 14682886 320 1343488
412122451 14682886 320 1347584
412125964 15731462 320 1347584
412128964 15731462 320 1347584
412203323 15731462 320 1351680
412207946 16780038 320 1351680
412210685 16780038 320 1351680
412283722 16780038 320 1355776
412286311 16780038 320 1359872
412289929 17828614 320 1359872
412292708 17828614 320 1359872
412365370 17828614 320 1363968
412369363 18877190 320 1363968
412374749 18877190 320 1363968
412449495 18877190 320 1368064
412452368 18877190 320 1372160
412456050 19925766 320 1372160
412458779 19925766 320 1372160
412531918 19925766 320 1376256
412535876 20974342 320 1376256
412538533 20974342 320 1376256
412643307 20974342 320 1380352
412646527 20974342 320 1384448
412657298 20974342 320 1388544
412665235 22022918 320 1388544
412675815 22022918 320 1392640
412696138 22022918 320 1392640
412767559 22022918 320 1396736
412770192 23071494 320 1396736
412771944 23071494 320 1396736
412844344 23071494 320 1400832
412847831 23071494 320 1404928
412850962 24120070 320 1404928
412853355 24120070 320 1404928
412923461 24120070 320 1409024
413014562 25168646 320 1409024
413018248 25168646 320 1409024
413089112 25168646 320 1413120
413091613 25168646 320 1417216
413094764 26217222 320 1417216
413096264 26217222 320 1417216
413160049 26217222 320 1421312
413162328 27265798 320 1421312
413163573 27265798 320 1421312
413226736 27265798 320 1425408
413228520 27265798 320 1429504
413230466 28314374 320 1429504
413231650 28314374 320 1429504
413294784 28314374 320 1433600
413296999 29362950 320 1433600
413298225 29362950 320 1433600
413363196 29362950 320 1437696
413365070 29362950 320 1441792
413367360 30411526 320 1441792
413369182 30411526 320 1441792
413437445 30411526 320 1445888
413440634 31460102 320 1445888
413442057 31460102 320 1445888
413505483 31460102 320 1449984
413507233 31460102 320 1454080
413509249 32508678 320 1454080
413510455 32508678 320 1454080
413573725 32508678 320 1458176
413576537 33557254 320 1458176
413577746 33557254 320 1458176
413668349 33557254 320 1462272
413671173 33557254 320 1466368
413680406 33557254 320 1470464
413688170 34605830 320 1470464
413716981 34605830 320 1470464
413788979 34605830 320 1474560
413791487 35654406 320 1474560
413793362 35654406 320 1474560
413857219 35654406 320 1478656
413859263 35654406 320 1482752
413861305 36702982 320 1482752
413862668 36702982 320 1482752
413926243 36702982 320 1486848
413928427 37751558 320 1486848
413929721 37751558 320 1486848
413994429 37751558 320 1490944
413996443 37751558 320 1495040
413998453 38800134 320 1495040
413999703 38800134 320 1495040
414063949 38800134 320 1499136
414066355 39848710 320 1499136
414067726 39848710 320 1499136
414175052 39848710 320 1503232
414178442 39848710 320 1507328
414183656 40897286 320 1507328
414186996 40897286 320 1507328
414253933 40897286 320 1511424
414256222 41945862 320 1511424
414257640 41945862 320 1511424
414325016 41945862 320 1515520
414328016 41945862 320 1519616
414330822 42994438 320 1519616
414332829 42994438 320 1519616
414399695 42994438 320 1523712
414413522 44043014 320 1523712
414415291 44043014 320 1523712
414479713 44043014 320 1527808
414481785 44043014 320 1531904
414484813 45091590 320 1531904
414486225 45091590 320 1531904
414548878 45091590 320 1536000
414551220 46140166 320 1536000
414552493 46140166 320 1536000
414615486 46140166 320 1540096
414617484 46140166 320 1544192
414619488 47188742 320 1544192
414620662 47188742 320 1544192
414683480 47188742 320 1548288
414685710 48237318 320 1548288
414687020 48237318 320 1548288
414750084 48237318 320 1552384
414751954 48237318 320 1556480
414753900 49285894 320 1556480
414755152 49285894 320 1556480
414818115 49285894 320 1560576
414820239 50334470 320 1560576
414821493 50334470 320 1560576
414884127 50334470 320 1564672
414886041 50334470 320 1568768
414888013 51383046 320 1568768
414889291 51383046 320 1568768
414954285 51383046 320 1572864
414956576 52431622 320 1572864
414957874 52431622 320 1572864
415020941 52431622 320 1576960
415022640 52431622 320 1581056
415024613 53480198 320 1581056
415025873 53480198 320 1581056
415088431 53480198 320 1585152
415090549 54528774 320 1585152
415091820 54528774 320 1585152
415154590 54528774 320 1589248
415156416 54528774 320 1593344
415158413 55577350 320 1593344
415159747 55577350 320 1593344
415222361 55577350 320 1597440
415224579 56625926 320 1597440
415225824 56625926 320 1597440
415289012 56625926 320 1601536
415290706 56625926 320 1605632
415293151 57674502 320 1605632
415294390 57674502 320 1605632
415357495 57674502 320 1609728
415362505 58723078 320 1609728
415363798 58723078 320 1609728
415426726 58723078 320 1613824
415428704 58723078 320 1617920
415430780 59771654 320 1617920
415432082 59771654 320 1617920
415494617 59771654 320 1622016
415496711 60820230 320 1622016
415498016 60820230 320 1622016
415564588 60820230 320 1626112
415566890 60820230 320 1630208
415569308 61868806 320 1630208
415570988 61868806 320 1630208
415633825 61868806 320 1634304
415636092 62917382 320 1634304
415637426 62917382 320 1634304
415700314 62917382 320 1638400
415701902 62917382 320 1642496
415703866 63965958 320 1642496
415705092 63965958 320 1642496
415767676 63965958 320 1646592
415769840 65014534 320 1646592
415771093 65014534 320 1646592
415833688 65014534 320 1650688
415835423 65014534 320 1654784
415837411 66063110 320 1654784
415838734 66063110 320 1654784
415906214 66063110 320 1658880
415909946 67111686 320 1658880
415912124 67111686 320 1658880
415977144 67111686 320 1662976
415978970 67111686 320 1667072
415981032 68160262 320 1667072
415982373 68160262 320 1667072
416045956 68160262 320 1671168
416048156 69208838 320 1671168
416049631 69208838 320 1671168
416112227 69208838 320 1675264
416113911 69208838 320 1679360
416115916 70257414 320 1679360
416117304 70257414 320 1679360
416179670 70257414 320 1683456
416182059 71305990 320 1683456
416183384 71305990 320 1683456
416245766 71305990 320 1687552
416247433 71305990 320 1691648
416249445 72354566 320 1691648
416250695 72354566 320 1691648
416315709 72354566 320 1695744
416318883 73403142 320 1695744
416320877 73403142 320 1695744
416386852 73403142 320 1699840
416388788 73403142 320 1703936
416391092 74451718 320 1703936
416392667 74451718 320 1703936
416468151 74451718 320 1708032
416470533 75500294 320 1708032
416471931 75500294 320 1708032
416534782 75500294 320 1712128
416536382 75500294 320 1716224
416538384 76548870 320 1716224
416539606 76548870 320 1716224
416601925 76548870 320 1720320
416604095 77597446 320 1720320
416605355 77597446 320 1720320
416667980 77597446 320 1724416
416670295 77597446 320 1728512
416672599 78646022 320 1728512
416674205 78646022 320 1728512
416739681 78646022 320 1732608
416743729 79694598 320 1732608
416780764 79694598 320 1736704
416796348 79694598 320 1736704
416861848 79694598 320 1740800
416863709 79694598 320 1744896
416865884 80743174 320 1744896
416867263 80743174 320 1744896
416929920 80743174 320 1748992
416932156 81791750 320 1748992
416933519 81791750 320 1748992
417000627 81791750 320 1753088
417003143 81791750 320 1757184
417005904 82840326 320 1757184
417008072 82840326 320 1757184
417074166 82840326 320 1761280
417077012 83888902 320 1761280
417078887 83888902 320 1761280
417163173 83888902 320 1765376
417165417 83888902 320 1769472
417173225 83888902 320 1773568
417179635 84937478 320 1773568
417195372 84937478 320 1777664
417207683 84937478 320 1777664
417277135 84937478 320 1781760
417279607 85986054 320 1781760
417281140 85986054 320 1781760
417344492 85986054 320 1785856
417346259 85986054 320 1789952
417348296 87034630 320 1789952
417349670 87034630 320 1789952
417424933 87034630 320 1794048
417427308 88083206 320 1794048
417428731 88083206 320 1794048
417493882 88083206 320 1798144
417495978 88083206 320 1802240
417498103 89131782 320 1802240
417499728 89131782 320 1802240
417563014 89131782 320 1806336
417565405 90180358 320 1806336
417566654 90180358 320 1806336
417629488 90180358 320 1810432
417631160 90180358 320 1814528
417633169 91228934 320 1814528
417634458 91228934 320 1814528
417698878 91228934 320 1818624
417701269 92277510 320 1818624
417702721 92277510 320 1818624
417765916 92277510 320 1822720
417768044 92277510 320 1826816
417770022 93326086 320 1826816
417771277 93326086 320 1826816
417834236 93326086 320 1830912
417836526 94374662 320 1830912
417837776 94374662 320 1830912
417907596 94374662 320 1835008
417919729 94374662 320 1839104
417922275 95423238 320 1839104
417923743 95423238 320 1839104
417988794 95423238 320 1843200
417991304 96471814 320 1843200
417992561 96471814 320 1843200
418055940 96471814 320 1847296
418057906 96471814 320 1851392
418059926 97520390 320 1851392
418061249 97520390 320 1851392
418124550 97520390 320 1855488
418126839 98568966 320 1855488
418128214 98568966 320 1855488
418191730 98568966 320 1859584
418193779 98568966 320 1863680
418195748 99617542 320 1863680
418197022 99617542 320 1863680
418260789 99617542 320 1867776
418263189 100666118 320 1867776
418264546 100666118 320 1867776
418327994 100666118 320 1871872
418329904 100666118 320 1875968
418331869 101714694 320 1875968
418333159 101714694 320 1875968
418395867 101714694 320 1880064
418398211 102763270 320 1880064
418399533 102763270 320 1880064
418472609 102763270 320 1884160
418474644 102763270 320 1888256
418476770 103811846 320 1888256
418478210 103811846 320 1888256
418541893 103811846 320 1892352
418544204 104860422 320 1892352
418545460 104860422 320 1892352
418608547 104860422 320 1896448
418610601 104860422 320 1900544
418612644 105908998 320 1900544
418613906 105908998 320 1900544
418676649 105908998 320 1904640
418678899 106957574 320 1904640
418680217 106957574 320 1904640
418743915 106957574 320 1908736
418745707 106957574 320 1912832
418747974 108006150 320 1912832
418749339 108006150 320 1912832
418812807 108006150 320 1916928
418815292 109054726 320 1916928
418816534 109054726 320 1916928
418879796 109054726 320 1921024
418881674 109054726 320 1925120
418883664 110103302 320 1925120
418885070 110103302 320 1925120
418948825 110103302 320 1929216
418951188 111151878 320 1929216
418952507 111151878 320 1929216
419015778 111151878 320 1933312
419017606 111151878 320 1937408
419019658 112200454 320 1937408
419020971 112200454 320 1937408
419083787 112200454 320 1941504
419086020 113249030 320 1941504
419087346 113249030 320 1941504
419150529 113249030 320 1945600
419152203 113249030 320 1949696
419154164 114297606 320 1949696
419155446 114297606 320 1949696
419218415 114297606 320 1953792
419220751 115346182 320 1953792
419222038 115346182 320 1953792
419285785 115346182 320 1957888
419287498 115346182 320 1961984
419289611 116394758 320 1961984
419290937 116394758 320 1961984
419354060 116394758 320 1966080
419357559 117443334 320 1966080
419358802 117443334 320 1966080
419421898 117443334 320 1970176
419423727 117443334 320 1974272
419425773 118491910 320 1974272
419427064 118491910 320 1974272
419490087 118491910 320 1978368
419492545 119540486 320 1978368
419493883 119540486 320 1978368
419557139 119540486 320 1982464
419558948 119540486 320 1986560
419560919 120589062 320 1986560
419562191 120589062 320 1986560
419624869 120589062 320 1990656
419627192 121637638 320 1990656
419628489 121637638 320 1990656
419691491 121637638 320 1994752
419693429 121637638 320 1998848
419695373 122686214 320 1998848
419696679 122686214 320 1998848
419760089 122686214 320 2002944
419762441 123734790 320 2002944
419763799 123734790 320 2002944
419826731 123734790 320 2007040
419828570 123734790 320 2011136
419830602 124783366 320 2011136
419832039 124783366 320 2011136
419895172 124783366 320 2015232
419897420 125831942 320 2015232
419898726 125831942 320 2015232
419962218 125831942 320 2019328
419963988 125831942 320 2023424
419966093 126880518 320 2023424
419967319 126880518 320 2023424
420030064 126880518 320 2027520
420032343 127929094 320 2027520
420033713 127929094 320 2027520
420096609 127929094 320 2031616
420098462 127929094 320 2035712
420100403 128977670 320 2035712
420101745 128977670 320 2035712
420164459 128977670 320 2039808
420166775 130026246 320 2039808
420168101 130026246 320 2039808
420231743 130026246 320 2043904
420233551 130026246 320 2048000
420235573 131074822 320 2048000
420236923 131074822 320 2048000
420299857 131074822 320 2052096
420302234 132123398 320 2052096
420303482 132123398 320 2052096
420366630 132123398 320 2056192
420368444 132123398 320 2060288
420370398 133171974 320 2060288
420371748 133171974 320 2060288
420434605 133171974 320 2064384
420436939 134220550 320 2064384
420438297 134220550 320 2064384
420501784 134220550 320 2068480
420503615 134220550 320 2072576
420505605 135269126 320 2072576
420506963 135269126 320 2072576
420569521 135269126 320 2076672
420571687 136317702 320 2076672
420572932 136317702 320 2076672
420635954 136317702 320 2080768
420637658 136317702 320 2084864
420639658 137366278 320 2084864
420640939 137366278 320 2084864
420736205 137366278 320 2088960
420759009 138414854 320 2088960
420765629 138414854 320 2093056
420800270 138414854 320 2093056
420884220 138414854 320 2097152
420887275 138414854 320 2101248
420892284 139463430 320 2101248
420895427 139463430 320 2101248
420981021 139463430 320 2105344
420984673 140512006 320 2105344
420987271 140512006 320 2105344
421062542 140512006 320 2109440
421065116 140512006 320 2113536
421068046 141560582 320 2113536
421070466 141560582 320 2113536
421143374 141560582 320 2117632
421147069 142609158 320 2117632
421150014 142609158 320 2117632
421220408 142609158 320 2121728
421222685 142609158 320 2125824
421225328 143657734 320 2125824
421227107 143657734 320 2125824
421294752 143657734 320 2129920
421297738 144706310 320 2129920
421299744 144706310 320 2129920
421373720 144706310 320 2134016
421376470 144706310 320 2138112
421379894 145754886 320 2138112
421382405 145754886 320 2138112
421456506 145754886 320 2142208
421460126 146803462 320 2142208
421462547 146803462 320 2142208
421529411 146803462 320 2146304
421531535 146803462 320 2150400
421533709 147852038 320 2150400
421535221 147852038 320 2150400
421621241 147852038 320 2154496
421630685 148900614 320 2154496
421637166 148900614 320 2154496
421707854 148900614 320 2158592
421710050 148900614 320 2162688
421712591 149949190 320 2162688
421714241 149949190 320 2162688
421778199 149949190 320 2166784
421780580 150997766 320 2166784
421781872 150997766 320 2166784
421847308 150997766 320 2170880
421862322 150997766 320 2174976
421864650 152046342 320 2174976
421866183 152046342 320 2174976
421931713 152046342 320 2179072
421934185 153094918 320 2179072
421935665 153094918 320 2179072
421954057 153094918 320 2183168
421955656 153094918 320 2187264
421957510 154143494 320 2187264
421958746 154143494 320 2187264
422022198 154143494 320 2191360
422024313 155192070 320 2191360
422025630 155192070 320 2191360
422089118 155192070 320 2195456
422090696 155192070 320 2199552
422092618 156240646 320 2199552
422093889 156240646 320 2199552
422157575 156240646 320 2203648
422159749 157289222 320 2203648
422161131 157289222 320 2203648
422220807 156240646 320 2203648
422247388 156240646 320 2199552
422250723 156240646 320 2199552
422310365 155192070 320 2199552
422319775 155192070 320 2195456
422321229 155192070 320 2195456
422380241 154143494 320 2195456
422387357 154143494 320 2191360
422388834 154143494 320 2191360
422447858 153094918 320 2191360
422454076 153094918 320 2187264
422455494 153094918 320 2187264
422514439 152046342 320 2187264
422521766 152046342 320 2183168
422522898 152046342 320 2179072
422526071 152046342 320 2179072
422586405 150997766 320 2179072
422592438 150997766 320 2174976
422593844 150997766 320 2174976
422652789 149949190 320 2174976
422659725 149949190 320 2170880
422660822 149949190 320 2166784
422663195 149949190 320 2166784
422723355 148900614 320 2166784
422729541 148900614 320 2162688
422730980 148900614 320 2162688
422790047 147852038 320 2162688
422796354 147852038 320 2158592
422797425 147852038 320 2154496
422799973 147852038 320 2154496
422858204 146803462 320 2154496
422863938 146803462 320 2150400
422865388 146803462 320 2150400
422924387 145754886 320 2150400
422931150 145754886 320 2146304
422931838 145754886 320 2142208
422934214 145754886 320 2142208
422994977 144706310 320 2142208
423004803 144706310 320 2138112
423005614 144706310 320 2134016
423007303 144706310 320 2134016
423068587 143657734 320 2134016
423075993 143657734 320 2129920
423077391 143657734 320 2129920
423136294 142609158 320 2129920
423142060 142609158 320 2125824
423143784 142609158 320 2125824
423202665 141560582 320 2125824
423216482 141560582 320 2121728
423217163 141560582 320 2117632
423218689 141560582 320 2117632
423277591 140512006 320 2117632
423285170 140512006 320 2113536
423286469 140512006 320 2113536
423345442 139463430 320 2113536
423359806 139463430 320 2109440
423360740 139463430 320 2105344
423362239 139463430 320 2105344
423421107 138414854 320 2105344
423426502 138414854 320 2101248
423427840 138414854 320 2101248
423487114 137366278 320 2101248
423503993 137366278 320 2097152
423504895 137366278 320 2093056
423506507 137366278 320 2093056
423565690 136317702 320 2093056
423571436 136317702 320 2088960
423572820 136317702 320 2088960
423631654 135269126 320 2088960
423637921 135269126 320 2084864
423638624 135269126 320 2080768
423641313 135269126 320 2080768
423700832 134220550 320 2080768
423706560 134220550 320 2076672
423708135 134220550 320 2076672
423767003 133171974 320 2076672
423773675 133171974 320 2072576
423774380 133171974 320 2068480
423777319 133171974 320 2068480
423836700 132123398 320 2068480
423842776 132123398 320 2064384
423844193 132123398 320 2064384
423903053 131074822 320 2064384
423909528 131074822 320 2060288
423910216 131074822 320 2056192
423912536 131074822 320 2056192
423972719 130026246 320 2056192
423978286 130026246 320 2052096
423979710 130026246 320 2052096
424037807 128977670 320 2052096
424044517 128977670 320 2048000
424045235 128977670 320 2043904
424047745 128977670 320 2043904
424106009 127929094 320 2043904
424111597 127929094 320 2039808
424113165 127929094 320 2039808
424170726 126880518 320 2039808
424177071 126880518 320 2035712
424177766 126880518 320 2031616
424180091 126880518 320 2031616
424238049 125831942 320 2031616
424243826 125831942 320 2027520
424246397 125831942 320 2027520
424329026 124783366 320 2027520
424337080 124783366 320 2023424
424338014 124783366 320 2019328
424340565 124783366 320 2019328
424398974 123734790 320 2019328
424404858 123734790 320 2015232
424406496 123734790 320 2015232
424464043 122686214 320 2015232
424470105 122686214 320 2011136
424470968 122686214 320 2007040
424473385 122686214 320 2007040
424531376 121637638 320 2007040
424536988 121637638 320 2002944
424538560 121637638 320 2002944
424596121 120589062 320 2002944
424602342 120589062 320 1998848
424603020 120589062 320 1994752
424605410 120589062 320 1994752
424663489 119540486 320 1994752
424669280 119540486 320 1990656
424677424 119540486 320 1990656
424735173 118491910 320 1990656
424741485 118491910 320 1986560
424742218 118491910 320 1982464
424744652 118491910 320 1982464
424802862 117443334 320 1982464
424808516 117443334 320 1978368
424810207 117443334 320 1978368
424868164 116394758 320 1978368
424874747 116394758 320 1974272
424875499 116394758 320 1970176
424877772 116394758 320 1970176
424935764 115346182 320 1970176
424973008 115346182 320 1966080
424975138 115346182 320 1966080
425035453 114297606 320 1966080
425043169 114297606 320 1961984
425044162 114297606 320 1957888
425047062 114297606 320 1957888
425106453 113249030 320 1957888
425112446 113249030 320 1953792
425113983 113249030 320 1953792
425172607 112200454 320 1953792
425179029 112200454 320 1949696
425179722 112200454 320 1945600
425182095 112200454 320 1945600
425240965 111151878 320 1945600
425246572 111151878 320 1941504
425247951 111151878 320 1941504
425306505 110103302 320 1941504
425312814 110103302 320 1937408
425313576 110103302 320 1933312
425315987 110103302 320 1933312
425374912 109054726 320 1933312
425380366 109054726 320 1929216
425381975 109054726 320 1929216
425440467 108006150 320 1929216
425446776 108006150 320 1925120
425447448 108006150 320 1921024
425449717 108006150 320 1921024
425508258 106957574 320 1921024
425513983 106957574 320 1916928
425515361 106957574 320 1916928
425573849 105908998 320 1916928
425580156 105908998 320 1912832
425580968 105908998 320 1908736
425583294 105908998 320 1908736
425642173 104860422 320 1908736
425647583 104860422 320 1904640
425649015 104860422 320 1904640
425707423 103811846 320 1904640
425715631 103811846 320 1900544
425716398 103811846 320 1896448
425718842 103811846 320 1896448
425777745 102763270 320 1896448
425783597 102763270 320 1892352
425784963 102763270 320 1892352
425843521 101714694 320 1892352
425849808 101714694 320 1888256
425850509 101714694 320 1884160
425852754 101714694 320 1884160
425911832 100666118 320 1884160
425917818 100666118 320 1880064
425919536 100666118 320 1880064
425979414 99617542 320 1880064
425985909 99617542 320 1875968
425986802 99617542 320 1871872
425989147 99617542 320 1871872
426048394 98568966 320 1871872
426054005 98568966 320 1867776
426055372 98568966 320 1867776
426113960 97520390 320 1867776
426120203 97520390 320 1863680
426126254 97520390 320 1859584
426128714 97520390 320 1859584
426190824 96471814 320 1859584
426196797 96471814 320 1855488
426198434 96471814 320 1855488
426257036 95423238 320 1855488
426263434 95423238 320 1851392
426264174 95423238 320 1847296
426266595 95423238 320 1847296
426325458 94374662 320 1847296
426330845 94374662 320 1843200
426332168 94374662 320 1843200
426390790 93326086 320 1843200
426397295 93326086 320 1839104
426398059 93326086 320 1835008
426402261 93326086 320 1835008
426461052 92277510 320 1835008
426466914 92277510 320 1830912
426468648 92277510 320 1830912
426527048 91228934 320 1830912
426533389 91228934 320 1826816
426534181 91228934 320 1822720
426536448 91228934 320 1822720
426595338 90180358 320 1822720
426601229 90180358 320 1818624
426602741 90180358 320 1818624
426661314 89131782 320 1818624
426667713 89131782 320 1814528
426668430 89131782 320 1810432
426670672 89131782 320 1810432
426729495 88083206 320 1810432
426735110 88083206 320 1806336
426736567 88083206 320 1806336
426794994 87034630 320 1806336
426801036 87034630 320 1802240
426801734 87034630 320 1798144
426804058 87034630 320 1798144
426863067 85986054 320 1798144
426869131 85986054 320 1794048
426870537 85986054 320 1794048
426929169 84937478 320 1794048
426935377 84937478 320 1789952
426936081 84937478 320 1785856
426938436 84937478 320 1785856
427020334 83888902 320 1785856
427027460 83888902 320 1781760
427029329 83888902 320 1781760
427088099 82840326 320 1781760
427094764 82840326 320 1777664
427095670 82840326 320 1773568
427098557 82840326 320 1773568
427157934 81791750 320 1773568
427163856 81791750 320 1769472
427165383 81791750 320 1769472
427224031 80743174 320 1769472
427230300 80743174 320 1765376
427231068 80743174 320 1761280
427233406 80743174 320 1761280
427294466 79694598 320 1761280
427300238 79694598 320 1757184
427301791 79694598 320 1757184
427360279 78646022 320 1757184
427366779 78646022 320 1753088
427367632 78646022 320 1748992
427369969 78646022 320 1748992
427428879 77597446 320 1748992
427434374 77597446 320 1744896
427435851 77597446 320 1744896
427494324 76548870 320 1744896
427500628 76548870 320 1740800
427501521 76548870 320 1736704
427511927 76548870 320 1736704
427570902 75500294 320 1736704
427577035 75500294 320 1732608
427578915 75500294 320 1732608
427637360 74451718 320 1732608
427643651 74451718 320 1728512
427644394 74451718 320 1724416
427646877 74451718 320 1724416
427705918 73403142 320 1724416
427711653 73403142 320 1720320
427713619 73403142 320 1720320
427772321 72354566 320 1720320
427778923 72354566 320 1716224
427779765 72354566 320 1712128
427782264 72354566 320 1712128
427841172 71305990 320 1712128
427846901 71305990 320 1708032
427848394 71305990 320 1708032
427906884 70257414 320 1708032
427913185 70257414 320 1703936
427913888 70257414 320 1699840
427916323 70257414 320 1699840
427975900 69208838 320 1699840
427981674 69208838 320 1695744
427983248 69208838 320 1695744
428041808 68160262 320 1695744
428048156 68160262 320 1691648
428048863 68160262 320 1687552
428051213 68160262 320 1687552
428110206 67111686 320 1687552
428115847 67111686 320 1683456
428117539 67111686 320 1683456
428175997 66063110 320 1683456
428182562 66063110 320 1679360
428183335 66063110 320 1675264
428188011 66063110 320 1675264
428247085 65014534 320 1675264
428253180 65014534 320 1671168
428254853 65014534 320 1671168
428313305 63965958 320 1671168
428319532 63965958 320 1667072
428320347 63965958 320 1662976
428322717 63965958 320 1662976
428381530 62917382 320 1662976
428387493 62917382 320 1658880
428389029 62917382 320 1658880
428447750 61868806 320 1658880
428454429 61868806 320 1654784
428455193 61868806 320 1650688
428457498 61868806 320 1650688
428516492 60820230 320 1650688
428522201 60820230 320 1646592
428523594 60820230 320 1646592
428582068 59771654 320 1646592
428588276 59771654 320 1642496
428588974 59771654 320 1638400
428591297 59771654 320 1638400
428650172 58723078 320 1638400
428656067 58723078 320 1634304
428657667 58723078 320 1634304
428716098 57674502 320 1634304
428722588 57674502 320 1630208
428723289 57674502 320 1626112
428725581 57674502 320 1626112
428784461 56625926 320 1626112
428790072 56625926 320 1622016
428791514 56625926 320 1622016
428850089 55577350 320 1622016
428856655 55577350 320 1617920
428857452 55577350 320 1613824
428859866 55577350 320 1613824
428918730 54528774 320 1613824
428924355 54528774 320 1609728
428931246 54528774 320 1609728
429027576 53480198 320 1609728
429056704 53480198 320 1605632
429059005 53480198 320 1601536
429063596 53480198 320 1601536
429125762 52431622 320 1601536
429133564 52431622 320 1597440
429135272 52431622 320 1597440
429194519 51383046 320 1597440
429201670 51383046 320 1593344
429202617 51383046 320 1589248
429205776 51383046 320 1589248
429294641 50334470 320 1589248
429302408 50334470 320 1585152
429304450 50334470 320 1585152
429363561 49285894 320 1585152
429370292 49285894 320 1581056
429371174 49285894 320 1576960
429373909 49285894 320 1576960
429451780 48237318 320 1576960
429458899 48237318 320 1572864
429460742 48237318 320 1572864
429520633 47188742 320 1572864
429527506 47188742 320 1568768
429528500 47188742 320 1564672
429531143 47188742 320 1564672
429590279 46140166 320 1564672
429596147 46140166 320 1560576
429597696 46140166 320 1560576
429668238 45091590 320 1560576
429689464 45091590 320 1556480
429691050 45091590 320 1552384
429695013 45091590 320 1552384
429758728 44043014 320 1552384
429768052 44043014 320 1548288
429770076 44043014 320 1548288
429829116 42994438 320 1548288
429836275 42994438 320 1544192
429837068 42994438 320 1540096
429839741 42994438 320 1540096
429898778 41945862 320 1540096
429904646 41945862 320 1536000
429906052 41945862 320 1536000
429965907 40897286 320 1536000
429972711 40897286 320 1531904
429973532 40897286 320 1527808
429975675 40897286 320 1527808
430035642 39848710 320 1527808
430042902 39848710 320 1523712
430044702 39848710 320 1523712
430103443 38800134 320 1523712
430110043 38800134 320 1519616
430110810 38800134 320 1515520
430113308 38800134 320 1515520
430172123 37751558 320 1515520
430177832 37751558 320 1511424
430179689 37751558 320 1511424
430238039 36702982 320 1511424
430244438 36702982 320 1507328
430245341 36702982 320 1503232
430247650 36702982 320 1503232
430306473 35654406 320 1503232
430312472 35654406 320 1499136
430313958 35654406 320 1499136
430372381 34605830 320 1499136
430378597 34605830 320 1495040
430379318 34605830 320 1490944
430381715 34605830 320 1490944
430440449 33557254 320 1490944
430446480 33557254 320 1486848
430447985 33557254 320 1486848
430506436 32508678 320 1486848
430512845 32508678 320 1482752
430513686 32508678 320 1478656
430516333 32508678 320 1478656
430575212 31460102 320 1478656
430581060 31460102 320 1474560
430582567 31460102 320 1474560
430641118 30411526 320 1474560
430647554 30411526 320 1470464
430648284 30411526 320 1466368
430650760 30411526 320 1466368
430709635 29362950 320 1466368
430715426 29362950 320 1462272
430717002 29362950 320 1462272
430775455 28314374 320 1462272
430782119 28314374 320 1458176
430782908 28314374 320 1454080
430785141 28314374 320 1454080
430844028 27265798 320 1454080
430849783 27265798 320 1449984
430851147 27265798 320 1449984
430909508 26217222 320 1449984
430915801 26217222 320 1445888
430916490 26217222 320 1441792
430918665 26217222 320 1441792
430978336 25168646 320 1441792
430984198 25168646 320 1437696
430985656 25168646 320 1437696
431044275 24120070 320 1437696
431050627 24120070 320 1433600
431051430 24120070 320 1429504
431053952 24120070 320 1429504
431112873 23071494 320 1429504
431118470 23071494 320 1425408
431119873 23071494 320 1425408
431178352 22022918 320 1425408
431184427 22022918 320 1421312
431185263 22022918 320 1417216
431187409 22022918 320 1417216
431246226 20974342 320 1417216
431252153 20974342 320 1413120
431253519 20974342 320 1413120
431312199 19925766 320 1413120
431318405 19925766 320 1409024
431319238 19925766 320 1404928
431321464 19925766 320 1404928
431380235 18877190 320 1404928
431385950 18877190 320 1400832
431387355 18877190 320 1400832
431445751 17828614 320 1400832
431452211 17828614 320 1396736
431453002 17828614 320 1392640
431455203 17828614 320 1392640
431514002 16780038 320 1392640
431519616 16780038 320 1388544
431520997 16780038 320 1388544
431579427 15731462 320 1388544
431585583 15731462 320 1384448
431586294 15731462 320 1380352
431588722 15731462 320 1380352
431647566 14682886 320 1380352
431653056 14682886 320 1376256
431654505 14682886 320 1376256
431713018 13634310 320 1376256
431719084 13634310 320 1372160
431719832 13634310 320 1368064
431722055 13634310 320 1368064
431780956 12585734 320 1368064
431786879 12585734 320 1363968
431788170 12585734 320 1363968
431846531 11537158 320 1363968
431852607 11537158 320 1359872
431853282 11537158 320 1355776
431855503 11537158 320 1355776
431914302 10488582 320 1355776
431920058 10488582 320 1351680
431921371 10488582 320 1351680
431980854 9440006 320 1351680
431986895 9440006 320 1347584
431987739 9440006 320 1343488
431990045 9440006 320 1343488
432048853 8391430 320 1343488
432054705 8391430 320 1339392
432056061 8391430 320 1339392
432114538 7342854 320 1339392
432120695 7342854 320 1335296
432121411 7342854 320 1331200
432123801 7342854 320 1331200
432182611 6294278 320 1331200
432188310 6294278 320 1327104
432189817 6294278 320 1327104
432248353 5245702 320 1327104
432254632 5245702 320 1323008
432255488 5245702 320 1318912
432257809 5245702 320 1318912
432316618 4197126 320 1318912
432322376 4197126 320 1314816
432323852 4197126 320 1314816
432382335 3148550 320 1314816
432388474 3148550 320 1310720
432389241 3148550 320 1306624
432391445 3148550 320 1306624
432450319 2099974 320 1306624
432456139 2099974 320 1302528
432457593 2099974 320 1302528
432516098 1051398 320 1302528
432522389 1051398 320 1298432
432529532 1051398 320 1294336
432532580 1051398 320 1294336
432591538 2822 320 1294336
432599609 2822 320 1290240
432600401 2822 320 1286144
432602912 2822 320 1286144
432661740 2822 384 1286144
432662981 1622 384 1286144
432702609 1582 384 1286144
432704346 1534 384 1286144
432717553 1534 384 1286144
432719186 1534 384 1286144
432720794 1534 384 1286144
432722162 1534 384 1286144
432723688 1534 384 1286144
432725308 1534 384 1286144
432726352 1534 384 1286144
432910619 1534 384 1290240
432921569 1534 384 1294336
432929333 1534 384 1298432
433013615 1534 384 1302528
433026852 1534 384 1298432
433147942 1534 384 1302528
433149892 1534 384 1306624
433150841 1534 384 1310720
465147479 1534 384 1314816
465189566 1534 384 1310720
465190729 1534 384 1306624
465253154 1534 384 1310720
465322565 1534 384 1306624
465323489 1534 384 1302528
465324406 1534 384 1298432
465333370 1534 384 1302528
465383102 1534 384 1298432
465383761 1534 384 1294336
465384411 1534 384 1290240
465391736 1534 384 1294336
465428155 1534 384 1290240
465428912 1534 384 1286144
465437058 1534 384 1282048
465443745 1534 384 1286144
465509919 1534 384 1282048
465510670 1534 384 1277952
465511285 1534 384 1273856
465519210 1534 384 1277952
465565414 1534 384 1273856
465566281 1534 384 1269760
465573335 1534 384 1273856
465610717 1534 384 1269760
465611467 1534 384 1265664
465612044 1534 384 1261568
465612705 1534 384 1257472
465613344 1534 384 1253376
465703048 1534 384 1257472
465803942 1534 384 1261568
465931439 1534 384 1265664
466071027 1534 384 1261568
466072456 1534 384 1257472
466073178 1534 384 1253376
466073849 1534 384 1249280
466105570 1534 384 1245184
466106346 1534 384 1241088
466106894 1534 384 1236992
466107395 1534 384 1232896
466107903 1534 384 1228800
466108488 1534 384 1224704
466108998 1534 384 1220608
466109510 1534 384 1216512
466110022 1534 384 1212416
466110532 1534 384 1208320
466111127 1534 384 1204224
466111638 1534 384 1200128
466112155 1534 384 1196032
466112719 1534 384 1191936
466113294 1534 384 1187840
466113903 1534 384 1183744
466120186 1534 384 1179648
466120873 1534 384 1175552
466121532 1534 384 1171456
466122149 1534 384 1167360
466122718 1534 384 1163264
466123260 1534 384 1159168
466123802 1534 384 1155072
466124321 1534 384 1150976
466124847 1534 384 1146880
466125376 1534 384 1142784
466125899 1534 384 1138688
466126422 1534 384 1134592
466127087 1534 384 1130496
466127611 1534 384 1126400
466128126 1534 384 1122304
466128645 1534 384 1118208
466129168 1534 384 1114112
466129682 1534 384 1110016
466130189 1534 384 1105920
466130709 1534 384 1101824
466131211 1534 384 1097728
466131713 1534 384 1093632
466132219 1534 384 1089536
466132816 1534 384 1085440
466133404 1534 384 1081344
466134739 1534 384 1077248
466135304 1534 384 1073152
466135811 1534 384 1069056
466136329 1534 384 1064960
466136831 1534 384 1060864
466137355 1534 384 1056768
466142514 1534 384 1052672
466143064 1534 384 1048576
466143592 1534 384 1044480
466144116 1534 384 1040384
466144635 1534 384 1036288
466145162 1534 384 1032192
466145686 1534 384 1028096
466146203 1534 384 1024000
466146730 1534 384 1019904
466147270 1534 384 1015808
466147853 1534 384 1011712
466148372 1534 384 1007616
466148880 1534 384 1003520
466149402 1534 384 999424
466149930 1534 384 995328
466172103 1534 384 991232
466172813 1534 384 987136
466173425 1534 384 983040
466173978 1534 384 978944
466174598 1534 384 974848
466175120 1534 384 970752
466175644 1534 384 966656
466176157 1534 384 962560
466176661 1534 384 958464
466177171 1534 384 954368
466177681 1534 384 950272
466178210 1534 384 946176
466178722 1534 384 942080
466179230 1534 384 937984
466179752 1534 384 933888
466180263 1534 384 929792
466185811 1534 384 925696
466186365 1534 384 921600
466186911 1534 384 917504
466187440 1534 384 913408
466187977 1534 384 909312
466188497 1534 384 905216
466189021 1534 384 901120
466189544 1534 384 897024
466190070 1534 384 892928
466190597 1534 384 888832
466191113 1534 384 884736
466191694 1534 384 880640
466192305 1534 384 876544
466192815 1534 384 872448
466193347 1534 384 868352
466193940 1534 384 864256
466194453 1534 384 860160
466194986 1534 384 856064
466195503 1534 384 851968
466196008 1534 384 847872
466196531 1534 384 843776
466197079 1534 384 839680
466197584 1534 384 835584
466198096 1534 384 831488
466198612 1534 384 827392
466199122 1534 384 823296
466199622 1534 384 819200
466200146 1534 384 815104
466200653 1534 384 811008
466201161 1534 384 806912
466201663 1534 384 802816
466207198 1534 384 798720
466207769 1534 384 794624
466208299 1534 384 790528
466208811 1534 384 786432
466209335 1534 384 782336
466210043 1534 384 778240
466210633 1534 384 774144
466211143 1534 384 770048
466211652 1534 384 765952
466212161 1534 384 761856
466212667 1534 384 757760
466213195 1534 384 753664
466213698 1534 384 749568
466214277 1534 384 745472
466214792 1534 384 741376
466215305 1534 384 737280
466216211 1534 384 733184
466219357 1534 384 729088
466219876 1534 384 724992
466220396 1534 384 720896
466220920 1534 384 716800
466221435 1534 384 712704
466221948 1534 384 708608
466222543 1534 384 704512
466223051 1534 384 700416
466223560 1534 384 696320
466224071 1534 384 692224
466224573 1534 384 688128
466225093 1534 384 684032
466225592 1534 384 679936
466226107 1534 384 675840
466232101 1534 384 671744
466232634 1534 384 667648
466233174 1534 384 663552
466233688 1534 384 659456
466234221 1534 384 655360
466234736 1534 384 651264
466235245 1534 384 647168
466235762 1534 384 643072
466236327 1534 384 638976
466236841 1534 384 634880
466237352 1534 384 630784
466237869 1534 384 626688
466238595 1534 384 622592
466239250 1534 384 618496
